1 -9.808363 -35.822685
2 17.637077 -30.25513
3 -81.76107 7.130628
4 3.1842558 25.369497
5 19.02105 -50.536736
6 -10.458718 -73.954475
7 18.528551 -40.598164
8 -13.011312 -23.62676
9 -9.9620075 -35.6097
10 -17.461918 -45.148335
11 -25.348282 5.840266
12 -81.044395 6.4218698
13 -66.56876 34.22916
14 -0.675935 51.425262
15 -2.7510536 87.39724
16 5.895657 53.87337
17 18.491253 2.2633803
18 18.43064 2.2630208
19 19.851171 -14.71303
20 3.393212 25.379227
21 -17.23135 -45.1258
22 -6.655629 64.516914
23 -31.588045 20.35749
24 -82.204285 6.686869
25 1.4046746 34.34187
26 27.395424 -66.31228
27 31.696896 -36.440784
28 -3.5739481 -3.0194237
29 9.889947 48.899776
30 -37.85111 -18.734121
31 -37.975677 -18.803507
32 -34.279972 68.26038
33 11.69587 61.78168
34 11.699225 61.78032
35 -81.54086 2.5960262
36 -23.155937 -25.895458
37 -11.3350935 -23.906292
38 34.477104 -20.628328
39 54.9643 15.838433
40 -5.7206182 17.080336
41 8.650499 -49.508026
42 59.28486 50.457092
43 -25.034195 35.24751
44 19.089737 37.641865
45 -78.858574 8.464175
46 26.990574 4.279931
47 -1.3965982 53.379593
48 23.07974 33.721497
49 22.84907 33.515686
50 -0.2357206 -66.5525
51 10.363587 -49.64183
52 21.076118 34.01192
53 20.829506 34.22397
54 76.44918 6.046109
55 33.845264 0.06889544
56 -2.8630567 47.49002
57 6.2138195 -49.74981
58 -80.56113 2.324133
59 16.200706 66.523865
60 -13.388098 -61.973816
61 -2.9574928 -38.400818
62 50.16161 65.24895
63 49.90022 65.23665
64 6.1080904 18.229303
65 6.187538 -49.533237
66 34.195118 -0.06496793
67 -26.43976 56.901592
68 30.317684 -47.57499
69 -80.14617 3.1796758
70 49.639687 65.228516
71 0.49672514 -1.016628
72 1.1897949 -54.514923
73 46.520767 7.968199
74 46.36747 8.002327
75 -8.475949 10.2079
76 24.115395 -28.73057
77 -6.2769747 -47.51205
78 -5.3474207 36.08335
79 17.939243 33.588432
80 -81.15243 2.1715329
81 35.620396 -18.80738
82 19.740206 37.283276
83 -0.4328582 56.47831
84 -13.389905 -61.974148
85 12.887353 -51.212204
86 -9.236631 -45.617508
87 -3.7549553 -23.72245
88 42.187485 -40.09783
89 -2.1007152 56.26335
90 -79.761475 1.2816
91 -20.988329 46.091278
92 -19.848278 46.68183
93 -6.6342173 -34.72186
94 -6.5799255 -34.514736
95 -4.5551333 39.78109
96 -5.481509 39.785744
97 32.328983 70.82295
98 5.0144153 28.400858
99 29.22621 -33.850155
100 -79.21573 2.4219275
101 53.491966 6.6902013
102 22.620766 2.1382642
103 33.97566 -7.1229267
104 -3.718718 -77.63287
105 -3.719062 -77.6304
106 34.37271 -23.953976
107 34.20643 -23.66025
108 33.574802 -21.442354
109 -0.9421513 55.75607
110 19.07448 37.77441
111 26.089235 30.84159
112 26.165028 30.802156
113 -81.69956 1.9276559
114 32.86344 72.30838
115 48.82048 24.678041
116 9.749139 5.7248216
117 9.431736 69.21561
118 60.079796 3.7688591
119 -2.2571325 -45.08441
120 1.5787126 -44.339622
121 62.343555 47.26821
122 41.434635 -23.418627
123 8.268408 -15.47247
124 -4.868318 44.630566
125 6.4458914 -5.045442
126 -82.19489 2.093279
127 8.299875 -15.654809
128 -8.492443 -1.1020972
129 -65.80986 36.719727
130 68.45076 -4.2363515
131 44.37669 25.575754
132 25.743975 6.6283755
133 -3.1000314 42.6895
134 49.303307 -34.57251
135 32.947285 71.896286
136 61.926876 13.4356985
137 -2.8616843 -20.426828
138 10.464559 -17.286911
139 -24.243914 35.424217
140 3.9881124 28.504444
141 -82.90566 2.3469448
142 11.39113 41.94524
143 19.233595 33.180576
144 37.62567 -17.13907
145 -4.2957215 -57.87533
146 -3.9270759 -57.2368
147 -1.9868098 -58.649326
148 -66.476456 33.838535
149 13.817742 12.665824
150 -50.073875 -7.4692025
151 -82.108894 3.1480978
152 43.321434 -43.218754
153 43.14188 -42.848946
154 42.61908 -41.83902
155 42.326088 -41.361767
156 40.659306 -42.7045
157 -22.546112 13.396001
158 47.758835 44.46742
159 32.940556 71.57572
160 1.8722122 -62.029396
161 -1.1886166 56.398537
162 -14.178223 5.879061
163 -78.35994 -0.11126154
164 23.826874 -28.861277
165 32.879646 71.60089
166 21.484003 -14.456473
167 9.068233 2.7508307
168 0.11184086 -19.521803
169 4.141778 5.3262596
170 1.6993209 -53.02258
171 -27.556398 -31.660313
172 -0.22542895 -2.1139882
173 7.5936165 -19.558903
174 55.000614 12.105167
175 -83.213974 3.6472542
176 -10.492591 -73.93369
177 -12.255144 29.087479
178 -12.271383 29.095278
179 -13.116777 27.189127
180 -13.1528845 27.273666
181 -3.4171584 65.95934
182 39.068207 -15.21441
183 37.384422 -58.760117
184 17.510033 -39.242455
185 5.5415163 -63.313087
186 -1.1647741 28.502686
187 -85.83399 1.1361297
188 -5.609686 25.691618
189 -5.6418 25.702694
190 5.6880713 -25.839272
191 -1.3616112 -25.271341
192 -95.02718 -34.583282
193 -11.191946 -22.228745
194 -82.360054 5.188906
195 10.291333 -10.050414
196 10.38141 -10.112701
197 3.5721514 44.030766
198 6.0436416 -21.02581
199 -4.5273438 4.359768
200 -4.5257163 4.023449
201 24.057842 -60.717274
202 12.834324 12.356799
203 -82.60222 1.4822966
204 11.1039715 27.360424
205 25.21232 7.9410453
206 14.075543 -45.06658
207 -5.097232 -18.756742
208 -5.0441694 -18.933462
209 13.261216 12.482366
210 -13.284219 45.24713
211 -13.534978 45.21441
212 -81.31655 1.7432387
213 27.699472 14.872852
214 27.064371 14.532118
215 -5.3963814 16.458496
216 -5.38341 16.460533
217 13.562393 12.579794
218 23.997223 -4.210244
219 11.540495 28.10785
220 -83.7173 -0.44639418
221 28.006893 -28.642628
222 6.1273303 53.550003
223 -0.86857444 46.65454
224 6.616553 32.650276
225 45.759106 19.214422
226 45.363354 19.462149
227 45.19283 19.783777
228 42.626278 -1.3596777
229 -3.5997427 66.016525
230 11.253174 27.63464
231 -81.09704 3.5934715
232 -34.4323 68.2787
233 -66.13944 32.35391
234 31.548672 -23.696178
235 32.64205 -22.386011
236 -24.156216 -15.494885
237 -24.13556 -15.476003
238 -22.056158 -13.473017
239 -1.0846128 -48.945408
240 -4.6476107 50.370438
241 40.197445 5.832309
242 -80.75355 1.154364
243 -27.710855 44.914703
244 -23.64003 45.593075
245 8.497282 -27.4011
246 27.84484 15.975572
247 -22.067974 -13.725326
248 34.629837 33.156334
249 13.801497 30.205412
250 18.75288 47.57872
251 -32.066635 58.203476
252 -84.09295 2.4114664
253 -16.340096 7.470508
254 -29.604713 44.267536
255 -29.50498 44.314247
256 24.959461 -0.4540073
257 2.1261084 36.07886
258 18.802353 48.69971
259 18.739998 48.20237
260 4.4139104 34.83453
261 8.538447 -53.903065
262 -81.64319 0.6178016
263 19.428953 48.18609
264 -51.31731 32.525654
265 0.7670862 -68.04347
266 -4.182143 -22.428097
267 -4.5471783 -23.16712
268 -3.1103578 -21.735085
269 4.676274 34.742985
270 70.07016 -12.298437
271 10.109381 35.912308
272 -83.44034 1.277479
273 70.7371 -23.071531
274 -13.904276 10.108998
275 0.39016876 43.085598
276 -1.6521207 -21.432516
277 -12.362761 -24.469597
278 13.212321 24.65284
279 -23.746933 -5.939865
280 -14.080199 17.034878
281 -81.96404 1.3399154
282 24.755888 40.656788
283 -43.47488 49.782463
284 38.672935 -7.447575
285 6.5373244 -52.106766
286 0.74494445 -54.613003
287 -14.544056 -17.724562
288 27.94555 -50.03054
289 -23.747396 -5.940761
290 -2.4269009 44.597282
291 34.033768 28.428913
292 -80.500435 -0.23490785
293 -0.9758061 -65.78144
294 6.1257076 -40.30986
295 60.424316 -29.032328
296 60.242233 -29.193716
297 -8.10986 54.889053
298 -7.626026 54.13211
299 -1.5962919 46.70104
300 55.28549 -10.602587
301 -12.7607 69.69098
302 -82.840546 0.66874045
303 30.503029 12.219769
304 -18.564505 -54.305794
305 -20.774874 46.22143
306 41.133667 -22.35179
307 -12.578317 29.199368
308 -6.9817095 46.244198
309 0.4540679 51.440193
310 -12.668626 67.82151
311 -78.1722 -0.2429083
312 -38.41839 2.2799838
313 -6.86639 55.03011
314 21.57678 -13.2837515
315 -16.490648 19.691221
316 41.52421 -40.981552
317 -31.304039 -18.879435
318 0.15523736 51.392094
319 2.3447137 10.175446
320 41.004963 15.350978
321 -82.03052 -0.53497475
322 -12.940739 -21.226824
323 -24.129683 -1.6577832
324 -31.3518 20.351887
325 -36.392403 47.873066
326 11.830807 31.818787
327 -31.317623 -12.373044
328 -4.174222 -20.653358
329 37.632637 8.504555
330 -15.457533 -33.922466
331 -82.10063 -4.0451946
332 37.50335 8.667461
333 64.50386 45.012074
334 -63.754715 35.128616
335 64.4746 44.901142
336 50.703648 -36.696877
337 19.97139 7.5890613
338 36.37444 6.407791
339 40.80785 -7.81539
340 36.016315 19.353477
341 51.249645 -8.379521
342 -8.883592 42.825993
343 -82.644005 -3.4413252
344 52.211586 21.789356
345 -6.8767085 45.25556
346 -20.215158 -51.779793
347 13.201319 20.185932
348 12.881341 20.145
349 11.507759 19.811287
350 11.502659 19.830605
351 50.187378 -33.262505
352 -40.025307 56.52643
353 -81.34783 -3.6732764
354 1.9148121 -13.518154
355 -26.00734 48.79964
356 -14.528627 -22.169529
357 -14.213865 -22.209242
358 -9.06305 39.72867
359 0.23636653 -19.437492
360 51.194515 37.5182
361 5.6810627 29.041626
362 16.259378 -46.693768
363 1.7192879 -30.914114
364 26.673965 -22.485992
365 -81.9007 -3.0741746
366 1.5766568 -30.710266
367 39.043087 -18.013361
368 -12.738334 19.630766
369 2.7556274 32.392715
370 -7.4807105 -40.778065
371 -15.852056 -32.81953
372 -27.41859 67.27037
373 57.644855 -20.97645
374 -36.388557 43.277893
375 -18.032278 -19.7974
376 2.6966827 32.600666
377 -82.02937 -3.601495
378 -17.053326 53.519627
379 -2.0801544 -0.718686
380 0.6291804 -64.71833
381 -2.5771184 -24.013422
382 -12.075658 5.598702
383 54.711376 13.290116
384 -40.02599 56.527084
385 18.178553 -55.9619
386 6.02851 -17.677923
387 6.248619 -17.771196
388 -82.02193 -7.977939
389 -11.271793 70.648254
390 52.59134 36.641117
391 52.4144 36.912598
392 0.18646772 45.126144
393 11.287696 43.469044
394 75.8032 3.516227
395 42.077972 -24.222233
396 45.38607 -34.818867
397 18.055786 -55.653313
398 -85.35571 -5.1481433
399 0.46968797 -44.669224
400 30.062618 45.611538
401 26.115473 -56.553394
402 33.983173 -36.915924
403 -11.416549 -22.440813
404 28.071154 14.7707815
405 -16.297766 -38.041767
406 12.293036 7.7637496
407 70.6225 -10.700914
408 -37.395947 19.72829
409 -80.344894 -8.20788
410 7.6299295 -4.818484
411 -37.32357 -23.771284
412 -36.949158 -23.91736
413 -16.627392 -18.40813
414 1.296904 -70.826195
415 -5.1304293 -7.0584345
416 29.18392 45.24496
417 16.082489 16.028679
418 60.08664 -29.47247
419 70.560394 -10.838793
420 -26.150162 49.671837
421 -26.165245 49.65507
422 -83.04912 -5.9807363
423 33.91623 -36.85302
424 16.793108 -16.057056
425 16.971785 -15.441118
426 16.054207 -10.100902
427 2.8411438 72.503006
428 44.06372 13.510373
429 -8.312956 -7.960709
430 -8.312996 -7.9607034
431 6.736662 -1.0512333
432 2.476902 -45.72096
433 2.2951822 10.261822
434 -25.686003 51.458927
435 -25.75756 51.140762
436 -79.79221 -8.009083
437 -32.26177 14.478691
438 55.743397 -13.422352
439 55.647266 -13.559243
440 -10.61981 41.010376
441 -21.649323 -50.110245
442 18.112446 48.253597
443 16.773666 16.043554
444 3.4520338 -51.208946
445 -15.904511 -18.084826
446 -86.10048 1.0360358
447 10.237239 -17.574633
448 -16.274227 -18.146444
449 -69.054634 36.338875
450 -2.6475708 88.02108
451 30.25109 43.779827
452 30.054304 45.469315
453 -38.29041 -23.512112
454 -16.733274 -17.676926
455 -41.70049 -22.682869
456 45.225346 -36.196198
457 43.44521 -41.011475
458 -81.732666 -6.103385
459 -13.079007 7.6528735
460 -17.046091 -13.9714775
461 -17.115198 -13.738292
462 -64.14377 9.575572
463 -17.136473 10.30441
464 8.882528 7.1805296
465 -63.798126 9.488551
466 43.450256 -23.065527
467 57.112034 -20.34624
468 -4.883507 25.256643
469 -83.13339 -7.316333
470 10.285667 -39.56055
471 -15.729775 -1.2272321
472 11.083414 50.209156
473 3.2505703 36.31182
474 2.7877192 -36.312847
475 14.743169 24.611988
476 14.8731575 24.68154
477 55.528698 -20.600346
478 20.33409 -41.406536
479 -45.900566 -18.987663
480 37.375694 -58.967216
481 -80.87953 -7.315464
482 -16.189264 -37.302044
483 2.302581 -12.508553
484 -1.1416711 -5.310092
485 -0.403228 -5.6148343
486 46.63765 4.137356
487 61.74465 12.09299
488 -17.50635 -53.85551
489 -2.5008261 88.28484
490 20.487183 -41.479008
491 6.2515316 19.76365
492 -2.8876882 89.999855
493 -79.38504 -6.479447
494 -21.818003 -50.44697
495 23.037134 -16.496246
496 49.92528 -32.74841
497 76.12064 5.941238
498 -1.045471 -52.70286
499 1.4810109 -61.456745
500 25.761454 48.0747
501 13.950335 -37.237984
502 13.88172 48.15334
503 18.388214 -56.48471
504 -8.00964 -0.8653355
505 -83.8601 -7.1408095
506 49.25052 11.485484
507 49.217125 11.568617
508 -24.369797 -33.114624
509 39.137615 -36.039867
510 45.455296 -23.16312
511 8.628133 -26.40046
512 41.19172 6.416845
513 60.85279 4.072412
514 3.5138247 72.56261
515 -6.090749 78.97296
516 -79.147514 -6.329808
517 12.428154 50.469242
518 35.661053 13.41379
519 51.46221 5.769934
520 14.730049 -51.526913
521 -5.571624 -64.33118
522 5.334263 -30.009178
523 21.661098 54.022465
524 12.858481 39.28048
525 12.803471 39.243027
526 66.08604 45.13054
527 11.350224 48.41192
528 55.510487 -9.075816
529 -82.40644 -6.9625125
530 -15.798677 -39.055107
531 1.2757215 -46.002556
532 54.124474 8.704948
533 -2.796531 89.660095
534 45.648018 -23.124283
535 28.405716 -3.590579
536 11.301265 49.671627
537 11.314344 49.118267
538 39.350735 -78.48093
539 61.16694 3.5011885
540 -83.10465 -7.816636
541 -24.665417 60.04889
542 -24.544333 60.21909
543 25.530691 -4.7747955
544 -3.3810258 -3.9185452
545 -5.334467 15.170114
546 59.63249 48.785397
547 60.45473 47.74335
548 -7.8821764 -1.4670793
549 -4.625029 -63.635586
550 3.3016624 44.155254
551 -0.6943344 24.09984
552 -4.2781224 -3.1421978
553 -87.81955 -9.7680025
554 2.4342616 -65.469055
555 -5.0052853 -30.83777
556 -11.482765 81.01571
557 49.90306 -31.319838
558 -3.1055403 88.68252
559 -13.096915 -29.676785
560 -15.999237 0.88017607
561 67.466774 3.152504
562 -0.7115294 24.084969
563 -6.4792657 -47.549324
564 -24.45072 39.11311
565 -3.0480056 88.581856
566 -82.693726 -7.703739
567 60.178528 36.39345
568 20.21283 -13.12221
569 -64.098236 38.807816
570 20.87184 -13.370176
571 19.897657 38.474476
572 55.910973 14.102187
573 10.947078 42.749454
574 -8.882264 -51.938168
575 -11.205112 80.84607
576 -12.860943 -28.89832
577 9.799174 -36.181515
578 -5.762106 78.4137
579 -3.0298243 -7.776814
580 -81.48838 -9.182664
581 -43.444027 -26.215572
582 48.951797 -11.686618
583 48.930454 -11.615917
584 14.100746 51.410793
585 14.286294 51.53895
586 -3.9282258 -6.8482957
587 -6.5153103 79.787674
588 -8.185445 80.01119
589 -10.422554 80.63969
590 -0.70019597 -67.384544
591 50.252712 26.181313
592 -5.8478856 80.89492
593 -85.57464 -5.024886
594 10.038676 46.147648
595 9.934497 46.16002
596 6.6012783 8.219599
597 6.4233475 8.369136
598 -20.648321 56.006653
599 -20.90918 55.948174
600 18.744442 37.169495
601 -10.346724 81.22435
602 -1.8371799 -5.4748387
603 -11.150935 8.259864
604 15.697148 -37.63658
605 21.523817 15.100282
606 -83.09563 -6.913241
607 -10.50366 81.030525
608 41.198925 -27.245085
609 41.955585 -23.911716
610 39.356506 -22.360435
611 49.80995 8.768947
612 7.2134337 -63.2478
613 -6.0496674 80.55293
614 -1.6640714 88.67772
615 14.095163 -40.26192
616 26.976591 20.820082
617 67.11565 20.361101
618 67.42016 20.692411
619 -83.98013 -6.264789
620 -5.57834 78.101105
621 -2.1249008 -5.5098267
622 38.08764 -35.52044
623 59.271362 -7.3032846
624 9.412691 10.166224
625 62.557697 46.63058
626 -8.334807 67.68118
627 -8.869407 -51.957546
628 2.8100204 -13.247555
629 -82.64662 -8.676269
630 57.239506 -40.229984
631 21.600359 -51.18829
632 6.0604296 -62.166317
633 5.8074155 -38.633816
634 2.9759288 48.757515
635 2.7232935 48.540726
636 2.3821325 48.2661
637 -1.5897253 87.844894
638 27.833252 9.271524
639 4.2084336 63.275616
640 -12.880476 66.669266
641 -19.078835 21.560822
642 -84.304565 -9.365507
643 51.63141 19.42239
644 -45.154755 -22.863178
645 74.33458 2.0214052
646 -38.08504 -23.49563
647 39.01926 -32.85524
648 10.419601 36.962883
649 4.3408394 62.93441
650 18.971508 -38.961327
651 -83.23938 -9.962615
652 20.186155 -11.638838
653 -54.01018 -17.331125
654 13.657876 48.265038
655 -32.5057 15.239887
656 64.46781 -31.797764
657 -19.079254 -55.64773
658 -2.153928 88.277824
659 60.828117 3.991147
660 -21.443111 42.4284
661 -21.438614 42.469856
662 -82.9185 -10.4778385
663 9.160594 35.29948
664 6.58554 24.659346
665 16.58436 -33.28546
666 9.4861555 -46.46347
667 25.394972 46.787987
668 9.79495 3.4941375
669 22.899504 -17.198856
670 11.722132 61.802013
671 4.852369 -41.605648
672 2.922633 44.333202
673 -3.7999024 -56.762486
674 -83.399796 -8.415791
675 39.88418 -33.607555
676 8.429744 51.512833
677 9.841776 50.58287
678 -44.460625 22.859985
679 53.493855 38.697155
680 21.024063 -2.487702
681 59.492077 49.450283
682 34.039207 18.747772
683 -30.31015 33.0357
684 -23.810055 44.775295
685 -83.62598 -7.832713
686 10.61371 35.34662
687 -63.602245 34.787514
688 -31.747116 -13.155756
689 9.295956 9.533905
690 9.036087 9.544841
691 -1.7673423 -7.179683
692 -2.3617108 -8.087708
693 -2.1813872 -8.506079
694 -12.280908 6.6273565
695 7.7084956 51.67419
696 -5.4956603 39.66446
697 -7.1729355 -65.70678
698 -23.446651 -25.02278
699 -79.40254 -9.437279
700 4.5688863 74.78036
701 10.052362 36.28423
702 11.535991 38.17715
703 -25.035818 47.21113
704 -22.243969 47.80417
705 -17.624601 -30.42929
706 -5.564509 -64.44496
707 -3.5381763 -22.638536
708 17.421867 -3.149999
709 52.14249 -28.141794
710 -85.14096 -7.054869
711 -30.60161 32.68643
712 -32.106205 32.580387
713 -13.442923 -29.555939
714 2.0363219 -61.122444
715 11.349721 42.88754
716 -4.053295 -6.9005985
717 18.645077 38.448864
718 17.7265 -3.3801825
719 1.0673963 -60.709526
720 30.285072 -47.66643
721 -87.52586 -9.68447
722 -0.96740144 51.308914
723 42.86564 -25.987146
724 19.095247 -2.520724
725 43.993034 -20.168385
726 7.987887 51.653442
727 -7.500988 39.964054
728 -7.9940944 40.6855
729 -19.536581 24.41367
730 4.8084755 61.688713
731 -17.724836 27.340736
732 -17.723839 27.340319
733 -85.77036 -9.182107
734 -7.651346 -31.552189
735 -51.29148 31.818068
736 -3.4233708 43.765648
737 -3.2569072 43.834602
738 70.67507 33.461895
739 11.791836 -48.061745
740 42.57082 -21.916014
741 51.689808 21.199072
742 4.0762033 61.43411
743 -5.331713 36.099236
744 -85.86615 -9.267795
745 6.4457145 53.14966
746 -5.8350277 46.241085
747 -15.361328 35.847523
748 11.007706 20.49663
749 41.653996 -3.7283773
750 0.602346 -50.671688
751 18.835575 -2.631687
752 59.160313 48.866302
753 40.970947 -50.80965
754 15.953429 -8.0418625
755 -27.617613 -31.64552
756 -86.200714 -8.576461
757 17.383142 -3.7478893
758 16.979376 -2.897903
759 3.854077 -45.217613
760 -15.821178 -33.34757
761 -15.942391 -37.832897
762 55.387676 8.157528
763 1.1539271 -70.20107
764 5.7632556 26.453167
765 25.057377 -12.300925
766 -0.032415297 40.78071
767 -84.688126 -8.202883
768 -6.040732 -30.669727
769 -40.09006 19.438454
770 -24.656998 40.927193
771 -19.562592 24.48471
772 40.824005 -36.50349
773 39.062035 -34.4893
774 25.058834 -12.669139
775 -24.149452 55.637623
776 -43.66963 22.81773
777 -12.352926 55.30381
778 -85.67956 -10.031749
779 50.42569 -34.62576
780 50.339077 25.261053
781 10.119666 9.20439
782 36.58133 -37.138206
783 36.764713 -37.002895
784 -34.188343 33.610897
785 -24.773663 41.001354
786 6.9125996 47.250786
787 6.8782153 47.367634
788 -4.176068 -46.84747
789 -4.918501 20.88792
790 22.899637 26.763021
791 10.5945635 -52.01694
792 -32.057278 -56.701912
793 9.061484 42.496143
794 -12.547759 56.614944
795 -12.479202 56.322147
796 -44.316418 50.46224
797 -44.380146 49.718006
798 -44.442223 49.61434
799 -44.52845 49.58838
800 40.886395 -8.49998
801 -32.239006 -57.66639
802 19.198868 32.427586
803 -8.495686 37.21272
804 -71.867256 37.509697
805 -24.540722 42.338387
806 9.123488 42.551952
807 -0.5605954 1.8968138
808 -15.154343 38.59151
809 -48.89072 47.600407
810 39.996365 28.903353
811 39.870995 28.954533
812 67.65502 22.496685
813 60.235523 47.394955
814 -31.692495 -57.685673
815 -34.83568 10.892105
816 47.666393 -30.65093
817 41.33291 -9.554259
818 11.944827 -11.401004
819 -11.386778 4.504257
820 -7.652251 -21.682007
821 44.239952 -36.937305
822 -45.66707 48.387005
823 0.04593332 47.34081
824 52.444027 6.2735004
825 -31.248962 -57.55578
826 21.310112 23.915207
827 21.308996 23.898134
828 15.651785 -39.19841
829 9.909786 68.80807
830 35.39145 30.610231
831 6.5069995 -39.463253
832 65.80584 21.124817
833 -15.603575 38.02608
834 -13.880727 -29.779741
835 -33.951344 -57.53908
836 0.96267796 -42.20204
837 -10.032124 -13.726918
838 -7.2265267 62.274357
839 -7.15446 62.55216
840 -33.394516 32.587883
841 28.788841 -16.761147
842 -47.30292 50.05838
843 -7.982677 40.5294
844 21.83686 14.231281
845 70.67512 33.462257
846 0.9172469 -47.32991
847 -33.883587 -56.388706
848 -22.396301 48.039764
849 -5.613297 63.893593
850 36.159992 6.445078
851 14.821391 23.979862
852 11.360816 30.301281
853 -24.13897 -1.6603549
854 -45.604057 47.269836
855 -30.360626 32.401546
856 -5.137895 67.61443
857 22.186628 14.229201
858 -31.88175 -59.65042
859 -40.95228 10.14742
860 -23.170128 45.981808
861 -3.0358489 -67.62621
862 -30.597464 26.719759
863 23.938578 5.1890254
864 5.6467533 -62.788826
865 -29.066332 71.80214
866 22.6418 15.0549
867 48.132072 -34.22702
868 -33.757153 -58.442535
869 -46.5157 47.979465
870 -6.702422 16.909771
871 -26.753227 58.13721
872 -32.091625 32.56173
873 16.44782 -38.73752
874 40.08925 -7.423614
875 -21.50561 20.683495
876 33.81096 -8.103088
877 44.50677 -31.442574
878 -12.481133 13.383588
879 24.638319 -13.25391
880 -35.304905 -59.937553
881 -13.944934 10.290005
882 9.645269 69.008736
883 -15.552317 41.692204
884 33.739536 -7.2011747
885 7.222388 34.706837
886 29.391783 -37.713264
887 50.42496 -36.37657
888 -12.338907 13.335471
889 -4.5320177 4.868812
890 -32.485573 -58.62079
891 -38.356285 -0.31290042
892 26.168552 7.6806445
893 -20.142714 -55.78151
894 6.222207 -7.223623
895 29.934505 -35.90046
896 7.126234 71.67525
897 23.140724 33.01344
898 -15.864716 -42.51658
899 8.05753 -18.6869
900 12.005038 -61.706337
901 -44.904263 45.01565
902 -34.717373 -59.00822
903 27.723587 9.039409
904 50.929993 38.67251
905 51.36309 38.232002
906 51.633907 37.94958
907 52.527576 38.25811
908 11.98496 -2.0373578
909 20.252106 6.555304
910 27.519466 -28.8779
911 -10.182945 16.516676
912 2.5664241 34.467873
913 -32.461422 -57.467236
914 44.933773 11.655746
915 46.891304 -19.331953
916 -64.50719 32.845917
917 46.841026 -18.882046
918 -8.487436 37.212204
919 78.241776 -20.180988
920 78.51248 -20.156857
921 78.79445 -20.134985
922 38.37762 -1.4615711
923 29.345814 -16.64377
924 29.502642 -17.40236
925 6.154785 59.522804
926 -11.227208 -37.23837
927 -34.251175 -59.164837
928 49.598473 -16.724724
929 49.461388 -16.437197
930 57.072514 -3.4925497
931 13.822798 -49.320137
932 33.661045 19.744942
933 -31.369968 13.326538
934 -4.320816 7.3769345
935 -7.1084347 -26.260582
936 42.340588 -14.729145
937 -34.439964 -59.88789
938 -29.509253 52.436684
939 15.381417 5.820184
940 -29.067915 15.48864
941 12.375358 24.533266
942 33.942474 -30.59537
943 46.891426 2.964025
944 -7.1639476 -30.267603
945 -7.006595 -26.257381
946 -33.31345 -59.805824
947 -7.175752 -52.588245
948 5.6513314 -39.7519
949 5.1518073 -39.411118
950 1.3781867 18.082249
951 43.5057 -6.3337317
952 9.48676 -45.46253
953 44.82815 12.747672
954 44.66634 12.914888
955 -16.615486 14.423582
956 45.4021 13.351475
957 -33.927586 -59.365795
958 -1.3856335 -41.0846
959 -1.472698 -40.9594
960 -10.430721 -41.567307
961 -0.7491456 -59.87419
962 6.8418446 -4.3323655
963 -29.143139 51.53355
964 -24.470882 34.39774
965 0.9160849 37.44245
966 -4.904877 -43.124752
967 59.401585 -18.071295
968 -4.345902 -4.0845847
969 46.617447 -19.578632
970 -35.19013 -57.93067
971 44.926033 12.44629
972 32.125328 21.626999
973 31.999256 21.879065
974 -4.165676 14.758902
975 4.752871 29.346739
976 -20.205935 45.524178
977 55.852932 -10.456842
978 -25.99518 34.646244
979 53.14407 38.553623
980 -36.2253 -57.153133
981 81.594246 -12.7595005
982 81.5982 -12.759051
983 -22.121206 62.369404
984 56.74805 -3.654931
985 65.00191 16.541996
986 64.91519 16.461397
987 44.048637 39.72891
988 44.061172 39.750446
989 32.655437 0.22993128
990 -9.601216 -45.25209
991 27.245487 -67.32011
992 -0.29561076 29.56713
993 45.930477 34.371056
994 54.995815 -4.6336737
995 -2.3218598 20.552044
996 -5.077812 -65.08397
997 27.712423 5.913984
998 66.779686 20.603622
999 39.06987 -50.76269
1000 60.707695 -6.370817
1001 54.667656 -5.3834915
1002 -35.7064 -58.850967
1003 54.606205 -28.84317
1004 46.65326 34.581497
1005 40.26606 4.3718867
1006 60.649208 -8.123225
1007 46.77598 -61.203804
1008 55.03176 -5.432813
1009 -26.575933 10.274614
1010 -17.922176 -53.365234
1011 26.023148 -5.8581533
1012 -34.879353 -58.39522
1013 75.10458 3.870923
1014 45.84055 35.011036
1015 -6.316067 -64.47992
1016 25.997232 -5.3304605
1017 -11.360302 -37.52506
1018 42.261036 -8.546818
1019 45.85068 34.24858
1020 50.066143 28.04646
1021 40.264927 -50.707813
1022 -5.4942255 -64.07516
1023 46.262 33.460617
1024 -33.78957 -59.05172
1025 -34.598415 33.131218
1026 28.019773 -35.855137
1027 -64.81478 32.944023
1028 25.558783 -5.79589
1029 -36.900963 11.521702
1030 49.6856 -33.73721
1031 56.251205 -3.948452
1032 64.43001 32.067364
1033 64.10066 31.947805
1034 28.075153 -37.963787
1035 -22.268888 62.57705
1036 -22.287466 62.500862
1037 65.242935 32.35868
1038 -5.758887 -22.423056
1039 26.316313 14.187103
1040 6.8632617 -46.918293
1041 40.743786 -8.024765
1042 43.375256 -6.247975
1043 -4.8485174 -29.655176
1044 27.097399 -5.5475283
1045 43.723225 -3.4806347
1046 64.939384 32.244114
1047 54.969883 16.1166
1048 38.36718 17.327913
1049 56.875294 -21.0924
1050 -31.62628 -66.30611
1051 67.52546 22.11194
1052 51.812088 23.80724
1053 2.3116355 -46.644566
1054 -43.563377 24.025494
1055 39.697025 34.71622
1056 -5.4260736 -16.086563
1057 12.662994 29.710457
1058 52.12928 -7.2408285
1059 44.973785 14.650722
1060 49.015915 5.215839
1061 -34.31065 -61.108913
1062 16.533045 43.004154
1063 14.691476 -38.81772
1064 47.845123 16.028492
1065 48.250744 16.30499
1066 48.623978 16.547943
1067 48.96608 16.784313
1068 40.276 10.749393
1069 40.077427 10.458416
1070 -5.407442 -16.223545
1071 20.341032 31.295979
1072 11.895398 -61.400288
1073 -37.26464 -60.357655
1074 -16.313923 -45.056057
1075 -17.75896 -53.463764
1076 32.838776 45.96057
1077 33.171543 46.285744
1078 -11.556542 22.951082
1079 -11.817148 22.921322
1080 47.11644 -41.530735
1081 47.349224 -41.543697
1082 37.31546 24.493565
1083 13.274525 81.320724
1084 13.297815 81.09677
1085 -37.498253 -60.697746
1086 35.13706 -15.921641
1087 -4.9967494 67.73755
1088 -21.285084 20.615582
1089 -16.741562 -51.33223
1090 16.988598 76.70437
1091 16.988966 76.709114
1092 13.244056 82.54065
1093 13.127796 82.594635
1094 37.250446 24.712498
1095 -33.352722 57.52872
1096 -37.49308 -59.922825
1097 15.302365 84.57328
1098 14.253984 83.93242
1099 -8.443126 4.277587
1100 -8.4732895 4.3191166
1101 -3.5329554 -57.715187
1102 37.83891 -50.83292
1103 37.178043 -50.786686
1104 35.07414 -50.56022
1105 34.95529 -50.860546
1106 70.75858 -22.768494
1107 39.550724 1.855331
1108 39.79752 5.279528
1109 -31.996414 -68.02765
1110 39.754898 5.8945527
1111 21.01436 -12.374549
1112 -19.026165 48.95554
1113 -19.14578 48.821632
1114 51.63437 8.235885
1115 39.620895 2.186106
1116 38.918034 18.129692
1117 61.246326 8.402312
1118 23.17576 -39.930622
1119 76.69773 3.603193
1120 -28.688606 -19.587673
1121 -33.502884 -63.99049
1122 41.326992 -50.877464
1123 -6.5701346 15.156307
1124 47.375748 -19.531567
1125 61.467487 9.778859
1126 25.862425 -38.115005
1127 -3.0127094 -44.32842
1128 6.7915077 71.860596
1129 39.610878 -50.727573
1130 2.8385763 -14.55836
1131 6.213476 -33.553864
1132 50.572243 6.934312
1133 -35.720776 -62.147663
1134 52.84364 6.8549757
1135 59.37445 16.55608
1136 4.8376603 38.76027
1137 13.920475 82.34001
1138 -35.18008 21.5651
1139 34.999077 -50.259518
1140 -6.933517 29.528044
1141 52.582867 7.452122
1142 53.96968 12.845747
1143 -32.80821 -61.291897
1144 -6.618091 29.356262
1145 21.18313 34.857597
1146 -66.56331 33.597256
1147 25.172913 -1.9911474
1148 -4.4910455 -55.6406
1149 3.6286943 -42.885883
1150 58.78953 -53.638027
1151 8.4809885 6.575836
1152 -3.0853593 15.794502
1153 18.251919 -10.306575
1154 -4.7268915 -46.84239
1155 5.5552535 -33.796497
1156 5.956588 -33.64477
1157 -35.749676 -65.36498
1158 -22.388308 63.70849
1159 -22.36472 64.081665
1160 39.13555 5.5822763
1161 -1.8110123 -46.93305
1162 54.918377 10.280498
1163 53.322193 7.5738854
1164 -4.4290333 -57.023983
1165 12.540333 82.386765
1166 5.9324718 -60.056427
1167 38.884476 4.295504
1168 66.04624 19.815472
1169 52.4134 10.045089
1170 -31.476639 -69.71696
1171 17.237179 -43.239372
1172 -35.810326 43.040188
1173 -31.87646 -18.400843
1174 55.566624 13.032848
1175 55.05875 13.849472
1176 54.91641 13.457326
1177 17.293257 -43.433865
1178 10.286092 -52.83083
1179 30.839241 -10.3263
1180 2.0281343 -45.222576
1181 -15.830118 -54.57765
1182 -37.120316 -67.40703
1183 -11.801671 2.3094893
1184 59.57904 18.874872
1185 59.969143 45.596863
1186 43.090122 -24.445108
1187 -100.00614 31.038944
1188 59.5663 -17.811201
1189 59.80656 17.471869
1190 52.50389 4.9406333
1191 39.184128 16.578932
1192 -1.3973591 -46.85968
1193 51.8264 7.006725
1194 69.81472 24.44555
1195 -34.184708 -68.217834
1196 0.8637416 18.775976
1197 23.42232 -60.2296
1198 6.311384 72.11198
1199 4.452889 73.07306
1200 -6.67146 18.225466
1201 53.29147 5.854945
1202 -13.391235 -54.081497
1203 45.536373 -47.48255
1204 12.878393 35.916225
1205 -25.789286 21.837042
1206 38.72322 -34.86076
1207 -34.089344 -73.46164
1208 -15.121482 -33.125526
1209 13.404795 -62.03008
1210 38.385372 -9.145532
1211 54.5549 -10.770313
1212 28.003859 -28.086456
1213 -22.042461 37.75707
1214 -22.192303 37.832184
1215 1.213186 -61.641136
1216 -18.141617 -65.51573
1217 21.877895 -14.653313
1218 42.253067 3.3302162
1219 -30.311651 -67.98047
1220 59.0964 17.535795
1221 34.353157 -27.92165
1222 38.668213 -38.583065
1223 38.71715 -38.420948
1224 49.88714 -33.467422
1225 50.62786 -33.73224
1226 -18.142433 -65.51534
1227 -4.2355785 -43.384186
1228 44.107117 -35.70517
1229 -34.247093 -73.63637
1230 67.21259 -2.124308
1231 67.00034 -1.8747088
1232 52.93054 6.943418
1233 -27.382496 -31.695227
1234 7.7156677 -63.33751
1235 26.23187 -5.1132884
1236 34.97988 32.024796
1237 5.734638 28.178217
1238 -5.8367085 66.72126
1239 -28.871851 51.41336
1240 -9.62059 -51.563564
1241 -37.272053 -65.530594
1242 74.54315 2.2617435
1243 50.108555 3.8070374
1244 51.32479 -32.530575
1245 29.413872 -36.579205
1246 52.992542 -31.472307
1247 14.8393345 25.310139
1248 71.4711 -29.813204
1249 71.39411 -29.59311
1250 -7.22804 64.25117
1251 41.15376 5.180944
1252 -50.976097 -52.636078
1253 51.79845 -32.244053
1254 52.692455 -31.656124
1255 41.63866 8.106027
1256 76.32991 2.6633546
1257 71.77656 -29.17888
1258 47.924736 3.4734054
1259 70.94881 -29.519785
1260 41.794144 8.256246
1261 71.65023 -30.288292
1262 8.751196 -55.995056
1263 18.297932 11.207608
1264 -35.175117 -73.89208
1265 -35.223557 42.48659
1266 22.211933 -23.817795
1267 -72.4983 32.46868
1268 62.77997 21.103617
1269 63.010483 21.152819
1270 47.71972 3.9670541
1271 62.352055 8.811826
1272 58.03449 -41.043804
1273 64.25511 -32.873554
1274 62.565197 -37.126617
1275 62.55871 -37.13461
1276 -32.61593 58.220406
1277 57.561226 12.592715
1278 57.31416 12.632413
1279 -34.041527 -75.058495
1280 34.251965 53.08002
1281 34.388336 53.1323
1282 42.660736 5.7652707
1283 24.85449 26.190393
1284 67.97443 -4.9469895
1285 40.169376 6.6645975
1286 -20.978468 46.916763
1287 -19.747843 18.71077
1288 5.286709 -62.683193
1289 -69.48633 38.146328
1290 -4.7286224 -21.58665
1291 34.072746 28.572695
1292 -34.217743 -69.36757
1293 60.479656 9.268982
1294 38.538887 39.4718
1295 59.66964 19.25348
1296 44.67923 8.721721
1297 44.806454 8.448881
1298 45.013523 8.147923
1299 17.297306 -15.039032
1300 -3.8882859 -3.4285836
1301 -10.64393 -19.000929
1302 58.54468 17.151552
1303 54.444843 5.948897
1304 -30.039467 -67.928215
1305 41.96536 -33.17273
1306 42.127815 -33.090466
1307 1.0568132 -68.176315
1308 -0.17304564 -46.14034
1309 39.921124 10.369179
1310 30.959618 18.248343
1311 41.24947 -27.071442
1312 42.145412 -23.111717
1313 30.037462 20.234518
1314 -0.7827193 28.01013
1315 8.296848 -17.466541
1316 -34.013428 -75.30148
1317 22.1303 70.90731
1318 48.68112 3.7778955
1319 58.287666 18.155926
1320 52.861946 -34.17656
1321 52.620377 -34.165615
1322 -37.637882 13.320019
1323 -37.65376 13.589401
1324 29.624392 59.23305
1325 70.748665 -22.842094
1326 -27.024023 -9.4088125
1327 -32.70009 -68.835945
1328 41.88177 23.537596
1329 41.60128 23.424728
1330 55.56862 -12.550081
1331 -16.18395 45.247932
1332 47.669827 -41.653614
1333 45.904564 12.540283
1334 25.81584 -1.678408
1335 24.142708 -59.95188
1336 -12.094755 -5.259872
1337 -23.790506 -40.156452
1338 -23.785671 -40.145218
1339 -34.653576 -73.06889
1340 22.39935 14.132739
1341 -18.40739 -56.75702
1342 57.245136 -32.682644
1343 56.795925 -32.69567
1344 33.04491 7.99511
1345 -5.68184 -0.5009965
1346 -45.817894 48.06208
1347 43.808617 12.379587
1348 42.486588 -23.769238
1349 26.453857 21.204985
1350 4.2612605 -44.300865
1351 25.117945 -0.92223084
1352 -36.987213 -65.72206
1353 33.15016 52.89169
1354 4.572899 38.507065
1355 -6.029042 -0.49901983
1356 -0.5583559 -37.46603
1357 25.380201 -1.6922528
1358 35.266838 53.508667
1359 35.660763 53.674007
1360 12.513454 -52.786716
1361 -10.77696 12.663889
1362 -9.279627 39.53973
1363 -12.8779745 -20.945492
1364 -34.556175 -68.83292
1365 48.590393 53.50135
1366 48.58942 53.501575
1367 -32.14284 7.3445306
1368 -5.89612 24.963367
1369 -10.950711 8.570389
1370 54.269745 -36.327427
1371 54.128006 -36.436207
1372 38.59194 6.639798
1373 -10.722393 12.870818
1374 23.551403 -4.04723
1375 -0.6665457 -60.22965
1376 -35.583614 -67.819275
1377 58.63089 -42.671257
1378 54.14455 -37.906723
1379 9.075293 -29.204248
1380 8.99875 -28.82176
1381 -26.855932 58.7033
1382 -27.229015 59.069927
1383 -36.12878 40.61206
1384 -13.436781 65.86303
1385 42.387222 3.1967816
1386 41.357044 47.373558
1387 10.867616 -41.48683
1388 -34.520775 -68.77666
1389 -8.781047 -4.065914
1390 -66.05067 33.287315
1391 -8.791475 -4.0861244
1392 -18.439009 -56.711956
1393 9.72492 -36.405132
1394 -14.735872 36.908493
1395 -38.16895 -0.39326814
1396 13.822809 -61.35621
1397 33.062344 46.99887
1398 -13.414406 -10.354658
1399 9.381354 -52.80668
1400 34.408703 -4.9573193
1401 -35.519512 -68.26429
1402 8.250648 -52.477203
1403 -10.996898 41.04857
1404 53.665913 -38.934296
1405 53.93478 -38.760464
1406 -51.284714 31.85799
1407 47.58482 2.010753
1408 58.60794 -42.763092
1409 16.439463 -39.64853
1410 47.02255 -4.2597294
1411 47.09833 -4.31462
1412 -35.701565 -66.941345
1413 10.57808 -51.168835
1414 54.454357 -39.26563
1415 67.61343 -2.6531963
1416 68.42344 -4.417326
1417 69.21108 -4.66536
1418 -18.137053 17.925663
1419 57.355427 -42.239113
1420 56.53619 3.8549817
1421 28.940853 0.5274479
1422 -35.133064 -67.5799
1423 48.67596 45.12243
1424 10.423417 18.952417
1425 56.663033 3.8408155
1426 55.844078 1.0116255
1427 34.796013 -21.92139
1428 55.899567 0.8977627
1429 55.732685 1.2706729
1430 -18.523294 -2.7964478
1431 -18.532667 -4.0243087
1432 -34.660217 -66.673485
1433 12.696827 83.94023
1434 -15.952367 -18.988226
1435 23.695126 -7.988025
1436 -17.060684 -2.5052738
1437 -12.916665 5.1007085
1438 -1.1536455 2.8035553
1439 12.056715 82.64623
1440 16.495804 -15.375653
1441 47.188583 -60.47297
1442 25.286154 47.70551
1443 -10.379064 80.080246
1444 -16.941103 -1.1272215
1445 -30.51164 -70.26682
1446 -20.1278 -2.5538642
1447 -19.543781 -2.600676
1448 34.57207 -29.255627
1449 30.142757 -60.876328
1450 2.1399708 -55.658085
1451 -16.038012 0.8438271
1452 -13.142387 5.783865
1453 -17.029902 -1.489546
1454 12.040226 83.87982
1455 -15.395726 -45.718216
1456 -25.868097 58.15052
1457 -25.460882 58.12279
1458 -30.79925 -70.058266
1459 -17.807646 -0.4760454
1460 -18.159903 -0.06691888
1461 40.301292 -42.998684
1462 16.099709 -39.851505
1463 -24.697206 38.41641
1464 -17.35715 -1.3409599
1465 -21.10363 45.554314
1466 -13.994742 -29.012117
1467 3.0870001 -45.52499
1468 -15.657872 -45.526028
1469 45.585888 25.151249
1470 11.676167 -50.277386
1471 -33.18655 -68.32601
1472 -18.28627 -2.2917516
1473 4.618363 74.39499
1474 25.085022 -45.589577
1475 25.098188 -45.316845
1476 25.12189 -45.026848
1477 -8.233927 54.801296
1478 10.962914 -40.019554
1479 -7.9601917 -28.942072
1480 33.284225 0.2546468
1481 10.272877 -52.23161
1482 9.483419 -51.881466
1483 -36.155216 -67.572426
1484 -13.019523 5.831413
1485 -1.0326146 37.962196
1486 -0.8714204 37.830975
1487 30.643024 26.654993
1488 -6.4732347 19.97273
1489 -16.21038 -54.29654
1490 30.153652 -60.8786
1491 43.14601 -14.750175
1492 41.2128 47.29991
1493 12.203014 7.171611
1494 4.668377 73.814255
1495 -34.07133 -74.18037
1496 46.907837 -60.647087
1497 -18.054518 19.39551
1498 -18.791996 19.81874
1499 -19.037552 20.393911
1500 40.02105 -9.7255535
1501 40.8028 -34.57536
1502 27.391464 -22.452795
1503 -25.227077 -33.28246
1504 -12.855924 34.953968
1505 -18.479218 20.016228
1506 -33.5442 -67.23267
1507 59.682922 -17.653955
1508 5.943926 -8.281968
1509 -69.596954 38.475098
1510 -7.869189 55.31627
1511 -6.945514 67.42339
1512 -1.1640857 57.71544
1513 -0.9461729 56.408535
1514 0.50999475 56.054825
1515 -1.2189554 -61.836216
1516 -23.612005 54.76702
1517 -18.629026 -3.1472607
1518 -34.23105 68.2627
1519 -2.7963967 -67.46049
1520 -2.8283305 8.460996
1521 -33.28715 -68.721756
1522 -10.683328 -40.807964
1523 -10.873822 -40.432476
1524 1.7910916 -71.01974
1525 -51.962204 -14.47135
1526 -45.14927 -22.829887
1527 58.066467 -20.007402
1528 -26.150433 58.131557
1529 23.938702 -60.20933
1530 48.71436 26.640667
1531 -1.3909854 58.06262
1532 7.5194945 42.31125
1533 -33.948772 -70.34685
1534 48.927807 -17.482515
1535 28.34271 -28.807392
1536 33.10535 19.078648
1537 33.005367 19.355919
1538 32.82124 16.917322
1539 32.83803 17.242985
1540 29.43454 59.011997
1541 15.416844 2.861399
1542 28.942574 0.54491687
1543 49.873158 -23.950438
1544 32.582848 18.890945
1545 38.044327 5.416023
1546 -37.145237 -69.219635
1547 -23.662958 54.969254
1548 52.72725 20.21169
1549 30.483194 -55.12454
1550 -28.504332 66.84699
1551 -17.044722 -52.24828
1552 8.864251 -55.751854
1553 4.3274584 4.6123695
1554 49.82881 -23.948553
1555 5.423327 25.42431
1556 -27.274775 48.879555
1557 -38.25176 -70.97181
1558 -15.227927 49.589207
1559 5.1437635 -8.958074
1560 -16.140097 -52.145203
1561 -13.287929 6.3553257
1562 -8.235657 79.962204
1563 -6.874519 66.81399
1564 -59.65346 -12.983874
1565 -8.138199 55.964165
1566 -33.046726 -69.51838
1567 60.155094 28.568768
1568 -53.896496 11.69216
1569 -24.085052 3.55268
1570 -23.748936 3.5200212
1571 -6.735449 -62.871727
1572 47.462055 -32.483864
1573 -47.1915 49.449764
1574 -6.7360115 65.09851
1575 -32.693764 58.748337
1576 64.94237 -32.366856
1577 -39.962734 1.2031336
1578 -17.782114 -19.602522
1579 -49.62528 20.125484
1580 -49.62034 20.132938
1581 -29.810963 38.688965
1582 6.1405435 -59.363644
1583 -46.87986 24.734808
1584 -46.90849 24.748749
1585 -37.8415 -70.43825
1586 -42.90237 20.605124
1587 24.841297 8.199885
1588 -29.19304 39.474987
1589 -8.651428 54.13719
1590 -28.97387 38.01552
1591 34.06019 53.552814
1592 -40.278515 -2.4936922
1593 -35.185863 -69.50066
1594 -21.35519 70.474884
1595 -17.822767 10.623876
1596 -27.812323 38.8745
1597 -27.79729 38.827084
1598 -28.708685 38.841335
1599 -28.889883 38.82512
1600 69.735275 20.487427
1601 12.207287 7.381519
1602 -47.605362 49.360157
1603 31.6075 -24.0443
1604 -33.247513 -73.11843
1605 20.947714 -13.305621
1606 -8.45924 37.37901
1607 6.2260685 -59.07044
1608 -45.155704 -29.489967
1609 -6.9849224 0.1316818
1610 -41.56301 -22.356462
1611 17.886826 -36.803543
1612 18.103355 -36.43293
1613 -0.8263163 17.936779
1614 -37.572456 -69.82329
1615 -65.91163 36.463173
1616 46.264816 -53.332447
1617 -39.441895 -21.030903
1618 -24.285112 38.802124
1619 -44.116432 4.4835863
1620 -12.430551 54.79583
1621 -36.03867 48.965343
1622 -4.2518096 16.90932
1623 18.479576 -35.631596
1624 -15.5226145 -42.624146
1625 -29.009071 -20.103168
1626 -29.039267 -19.8341
1627 -37.966377 -70.21045
1628 -20.168322 -56.121822
1629 -6.7831182 -0.27980405
1630 -1.099982 -33.38026
1631 -10.368468 16.497604
1632 -26.770042 -10.185058
1633 -19.741558 11.4034195
1634 11.229982 -39.808346
1635 -33.213367 -19.028185
1636 -31.873194 -19.039234
1637 -51.538643 -56.797474
1638 55.057426 26.407558
1639 25.40713 64.80188
1640 -53.29859 11.280048
1641 41.367874 -24.138357
1642 13.099391 35.919086
1643 27.004194 4.028082
1644 -42.729755 -26.51704
1645 -6.7691145 66.651886
1646 -50.782784 -59.074936
1647 -56.42917 -9.948329
1648 -43.270382 -20.299143
1649 -18.86461 19.3096
1650 -40.924587 -21.274822
1651 -41.11164 -20.949932
1652 -43.08011 -26.150728
1653 -42.499115 -24.997839
1654 -9.322887 49.171005
1655 -56.299854 -10.449212
1656 25.457027 -57.020027
1657 -36.280922 -68.36153
1658 -43.651775 30.099445
1659 -43.6465 30.01398
1660 -14.601123 -3.2243786
1661 -59.284245 -30.374763
1662 -29.517353 -40.41941
1663 -42.360004 19.767712
1664 -41.900494 19.18711
1665 16.071157 -3.685431
1666 18.49697 -56.76973
1667 -32.029953 -20.035692
1668 -31.977129 -19.456459
1669 -38.992344 -69.54525
1670 -25.990055 66.8716
1671 -26.340128 66.92651
1672 8.996333 -21.309055
1673 8.960513 -20.982494
1674 35.90259 -45.2063
1675 -16.534025 36.296295
1676 59.532078 -51.112206
1677 39.2778 -5.550264
1678 32.128765 0.18739894
1679 4.3700533 4.180663
1680 -35.426517 -70.43259
1681 -27.549173 66.93298
1682 -27.602287 66.68159
1683 -43.855824 31.381279
1684 -4.63977 8.371515
1685 -2.3577175 46.066402
1686 -41.61907 35.877316
1687 -41.852856 35.48473
1688 -42.175354 34.930134
1689 -42.259544 34.78362
1690 2.3696334 -13.531579
1691 -30.745968 68.775635
1692 -27.991985 69.373245
1693 -39.213707 -68.573105
1694 -53.73888 -17.20293
1695 9.231864 -45.920612
1696 -40.509068 -15.961543
1697 -40.95119 -15.922274
1698 -40.98902 -15.6736145
1699 -15.674878 37.241333
1700 -15.903557 37.426373
1701 -3.391839 -49.933186
1702 -42.836033 -16.977262
1703 -39.370266 -69.67329
1704 -44.862617 44.942314
1705 -16.08644 37.18786
1706 -3.3105671 32.570564
1707 -3.263821 32.601357
1708 -29.317802 -40.435383
1709 59.56376 -51.141346
1710 17.330225 -37.83167
1711 55.647537 21.368984
1712 -42.79374 -17.206686
1713 66.22428 45.189686
1714 9.358963 -19.30014
1715 -23.176283 70.43622
1716 -21.097832 30.881338
1717 -51.66025 -58.31109
1718 -50.040333 -24.639618
1719 -42.95442 -15.893162
1720 -42.870182 -16.203829
1721 -43.863113 31.609667
1722 -40.20554 19.412804
1723 -46.677696 -25.377054
1724 -47.511627 -24.747837
1725 -42.159676 13.245744
1726 30.845184 -10.314019
1727 -35.73408 48.612156
1728 -35.805485 48.37994
1729 -51.56764 -57.62989
1730 26.697937 -4.227348
1731 -68.2293 36.643673
1732 -45.037956 -31.56836
1733 7.0856543 6.063108
1734 -44.25777 -16.997877
1735 69.389336 -39.221466
1736 69.14669 -39.27074
1737 69.07067 -39.286533
1738 57.410126 -20.98481
1739 31.09701 -24.699636
1740 -51.40222 -57.930332
1741 -27.961424 70.25131
1742 -28.100319 69.83984
1743 33.585594 -42.20656
1744 -44.336956 8.432544
1745 -42.335957 12.79182
1746 3.6175559 22.648037
1747 -18.423916 35.75453
1748 -18.671772 35.585087
1749 22.111427 1.8986374
1750 -1.0002357 45.99085
1751 -0.89744943 45.794582
1752 -51.50215 -52.44974
1753 -52.118717 -19.260317
1754 -51.909832 -19.027624
1755 -50.19341 -26.034363
1756 -38.793694 1.2842894
1757 45.93055 25.689222
1758 64.3656 -32.27938
1759 27.238932 -32.332943
1760 22.338541 2.0169914
1761 -23.292295 70.86651
1762 -3.807072 -28.518295
1763 -52.399555 -58.518593
1764 3.7480469 22.765207
1765 -33.607883 -42.342716
1766 -49.20876 -13.5763855
1767 -33.588875 1.395312
1768 -23.224026 71.38993
1769 -24.353065 70.5267
1770 -5.5555334 -6.397442
1771 -49.661297 -25.984
1772 -51.71595 -58.772064
1773 21.418547 -15.381222
1774 -8.4861355 18.740202
1775 -8.386091 18.568577
1776 41.395706 23.49526
1777 27.108606 -32.160557
1778 5.427188 24.43402
1779 -50.56058 -28.062927
1780 -43.06548 -20.322517
1781 -61.99511 -51.056507
1782 -45.181526 -31.212616
1783 -29.808798 51.53804
1784 -47.67014 -19.92671
1785 -47.567463 -19.673662
1786 -47.264626 -18.99441
1787 -47.090282 -18.633345
1788 26.594864 47.42408
1789 -42.971493 9.329201
1790 -59.052193 -29.260838
1791 18.809189 53.55197
1792 18.711056 53.544556
1793 -47.703968 -25.033731
1794 -21.805445 17.135733
1795 -21.989817 17.04899
1796 -22.29152 16.924026
1797 -50.408535 -25.880695
1798 -30.441835 -5.969711
1799 -40.854015 -21.501295
1800 34.512646 11.081952
1801 -43.996258 22.9121
1802 -43.909325 22.995705
1803 -59.059994 -46.8374
1804 5.7638545 -55.13151
1805 31.159334 -24.394768
1806 22.699995 -13.885182
1807 -59.560455 -30.551245
1808 -40.560135 -20.450243
1809 -54.911472 -25.401003
1810 71.03594 12.568867
1811 29.433273 -43.390472
1812 53.004074 21.186342
1813 -57.365772 -46.384914
1814 46.760796 -60.36989
1815 -47.636997 -23.85425
1816 37.096527 25.539751
1817 36.95792 26.180256
1818 -44.078606 4.853302
1819 -21.001703 30.905264
1820 -50.696217 -27.976973
1821 29.460564 -43.261223
1822 -0.28292376 -43.317665
1823 -49.962566 -13.90177
1824 -37.005253 -40.550976
1825 -57.620323 -53.390724
1826 54.28442 14.167171
1827 -37.69189 19.712082
1828 -56.96923 -12.777084
1829 -45.532604 -30.389774
1830 -45.46208 -30.4932
1831 -27.51421 68.96941
1832 71.26849 12.978742
1833 -33.45695 19.94506
1834 -35.560654 20.221619
1835 -50.995064 -11.440587
1836 -51.315514 -24.556793
1837 -66.06815 -51.073105
1838 -3.155185 17.451334
1839 -33.892525 19.928194
1840 -64.2843 38.957905
1841 -26.774416 75.46745
1842 -26.772388 75.47911
1843 22.162117 70.961464
1844 -49.066826 47.529102
1845 -50.745304 -26.498642
1846 -50.505497 -28.57362
1847 -58.47849 -18.998392
1848 -5.128307 -22.409142
1849 -23.322817 10.089772
1850 -56.671005 -46.683765
1851 -50.66385 -14.304801
1852 -50.634632 -14.37726
1853 -50.420815 -13.900391
1854 -50.543835 -7.5812516
1855 -51.281147 -6.8523393
1856 -57.959442 -12.041462
1857 -54.514538 -12.514665
1858 -54.41825 -12.507514
1859 -23.42357 9.611362
1860 4.267122 14.353529
1861 -59.27692 -12.873661
1862 -50.576565 -7.9525867
1863 -65.87973 -51.346355
1864 -36.454765 10.5197315
1865 -58.521595 -30.104109
1866 -35.502693 6.9996195
1867 -35.55394 7.0626388
1868 -50.996094 -25.69207
1869 -5.801385 8.515347
1870 -51.193703 -15.490209
1871 -25.827374 5.2218046
1872 -42.406338 -20.607977
1873 -61.373337 -49.53725
1874 21.692205 54.204483
1875 -50.85594 -12.661021
1876 -37.917797 -27.792128
1877 -46.211254 -30.27537
1878 -58.136524 -12.094556
1879 -58.607746 -29.580786
1880 -55.55868 -28.06641
1881 -55.615406 -27.657196
1882 26.746475 -35.012352
1883 -58.725697 -29.72172
1884 42.45376 47.56631
1885 -57.16725 -51.27384
1886 -29.14944 1.5392011
1887 13.716594 -57.14583
1888 -55.22803 -25.580322
1889 -41.75401 -18.364103
1890 -25.33217 5.800223
1891 -24.766705 6.918756
1892 26.247355 -34.771267
1893 -18.234295 -17.322075
1894 -52.10287 -12.617514
1895 -57.089943 -46.845318
1896 -5.5246606 -57.504383
1897 22.265305 71.13196
1898 -62.031414 -3.2081726
1899 -30.556198 7.737168
1900 -30.809814 7.5416126
1901 -5.978408 -20.862806
1902 -34.050587 -18.875408
1903 -18.859913 -17.050743
1904 16.518581 -11.233806
1905 -55.77038 -26.846907
1906 -51.280323 -6.558108
1907 -59.752243 -51.158676
1908 34.550064 -7.2244906
1909 -28.690578 1.2501404
1910 -28.906977 1.4199625
1911 29.802738 -16.542986
1912 -19.698467 39.049725
1913 -14.29007 7.0631084
1914 -34.418 -18.775152
1915 16.579332 -11.240717
1916 -60.92577 -2.5416958
1917 -43.84421 -0.6855485
1918 -64.02636 -49.777374
1919 33.489136 -29.30931
1920 -36.39685 9.520766
1921 -55.921696 -26.750029
1922 39.7385 -35.14786
1923 -5.584908 -30.28081
1924 36.415283 -22.05747
1925 16.675829 -11.745149
1926 -24.11968 -32.000866
1927 -59.91899 -22.022993
1928 -50.966923 -4.264973
1929 -64.06803 -49.682827
1930 -40.196636 -22.02535
1931 -61.12174 -21.117516
1932 -37.462093 10.211838
1933 -53.88399 -21.043865
1934 -48.407024 -15.12039
1935 -59.62484 -21.983236
1936 -63.017242 9.287514
1937 -62.99986 9.273187
1938 -58.954185 -23.782166
1939 -35.112415 32.565937
1940 27.064037 7.4054976
1941 -39.008625 -40.265327
1942 -61.078434 -24.242798
1943 -59.993237 -50.832165
1944 -57.96919 4.1580834
1945 -57.995914 4.159528
1946 -58.074898 4.1708016
1947 -52.08816 -6.762016
1948 -47.624207 6.3770204
1949 -61.460075 -21.072683
1950 -25.967949 21.425362
1951 -26.484001 21.376345
1952 -22.105011 51.060658
1953 -65.52848 -16.71731
1954 -65.14037 -16.798294
1955 -78.95963 -9.9041
1956 -21.639603 51.19791
1957 -37.71023 10.027838
1958 -65.20893 30.969282
1959 -47.89297 -13.738409
1960 -37.91857 -27.785616
1961 53.32902 -21.916533
1962 -58.75775 -12.786185
1963 -50.958878 -4.679122
1964 -62.623714 9.214254
1965 -50.2776 -13.241137
1966 52.239853 12.906644
1967 -64.25677 -16.940638
1968 -63.93844 -17.622993
1969 -61.237236 -51.75693
1970 -51.159794 -3.443352
1971 -51.256214 -3.1244802
1972 -43.7557 0.19854647
1973 -38.32663 -2.7182655
1974 -58.042793 -19.747124
1975 -39.8061 4.1671114
1976 -39.747738 3.9493968
1977 -64.0411 -16.66254
1978 -33.271114 32.797035
1979 -8.256186 25.31913
1980 -38.6285 10.9684925
1981 -57.13783 -54.63813
1982 -43.665195 9.520879
1983 -26.162146 -52.287354
1984 -24.7048 5.571731
1985 -59.428513 -0.89496714
1986 -59.705833 -1.0012475
1987 -54.16152 13.292741
1988 38.316006 -33.88106
1989 -61.857807 -24.01299
1990 -62.22619 -23.969221
1991 57.479027 -21.72022
1992 -37.367516 9.434316
1993 -38.061253 10.854542
1994 -59.409443 -51.502663
1995 -38.86491 9.657314
1996 0.79567206 46.24178
1997 -33.546257 1.5890455
1998 -40.66926 -6.0823517
1999 -41.82321 -3.7350814
2000 -34.7865 -0.8215261
2001 -26.156715 -52.289772
2002 -37.26727 10.440142
2003 -46.893253 -14.133757
2004 -24.99356 -31.507805
2005 -40.220005 -9.429623
2006 -60.860157 -51.357098
2007 -26.064756 6.1797605
2008 -60.211735 -22.219984
2009 38.8661 -25.174376
2010 28.223457 57.39597
2011 60.272053 36.553776
2012 -61.817368 -1.9016265
2013 -43.58055 -0.63527226
2014 -60.17928 -9.375523
2015 -60.11501 -51.877556
2016 -21.591797 55.79889
2017 51.645695 26.755632
2018 -38.59818 -2.5427444
2019 -62.65483 1.2870197
2020 -62.54683 0.89655054
2021 -62.36888 0.27552933
2022 -43.864273 -7.4731107
2023 -43.98907 -7.9969115
2024 -61.86626 -1.2637147
2025 -51.224636 -13.61987
2026 -52.409595 -52.019203
2027 -35.523457 -0.60255927
2028 -61.023296 -24.936836
2029 -45.06132 -9.505252
2030 -45.020855 -9.391072
2031 -23.075846 -23.926245
2032 -43.848267 -6.3205667
2033 -20.3982 10.504571
2034 6.0490904 18.299706
2035 -32.095413 -12.310057
2036 -31.840153 -12.41856
2037 -58.582386 -50.079636
2038 -34.45453 56.75952
2039 -30.774206 -5.9631968
2040 -31.75739 -5.9428043
2041 -64.393196 -2.3806827
2042 -64.01554 -2.3009613
2043 -35.23657 -4.267936
2044 -60.36442 -18.100197
2045 6.196085 19.375383
2046 38.104862 -14.594921
2047 -23.619287 -95.586235
2048 51.924973 26.836569
2049 56.85954 -24.036266
2050 56.890217 -23.802956
2051 -44.178955 10.019718
2052 -58.980335 -19.712202
2053 -50.619324 -11.274293
2054 -39.024937 -40.42093
2055 -36.46671 -40.414955
2056 -17.159916 52.928993
2057 -41.1044 2.3821266
2058 -47.70644 5.5542617
2059 -60.990845 -52.841564
2060 -25.700117 21.056826
2061 16.237366 2.1919076
2062 45.842056 25.290474
2063 38.984623 -34.11611
2064 -54.73271 -21.604713
2065 56.788055 -41.240757
2066 56.967472 -41.250233
2067 -26.649666 49.939465
2068 -37.1297 26.441538
2069 52.048912 20.657022
2070 -62.180206 -56.160316
2071 49.83861 26.658556
2072 55.424606 -11.190292
2073 -63.058704 34.63261
2074 -62.396896 -1.8878096
2075 -62.808624 -1.7767113
2076 63.101204 -6.916087
2077 48.812267 45.33104
2078 -37.658714 25.515257
2079 -49.426666 -12.457276
2080 -38.04693 25.885155
2081 -37.71899 25.821407
2082 67.58882 20.059109
2083 -61.26478 -1.6380694
2084 -42.768986 10.292169
2085 -56.86934 -54.155075
2086 -37.21325 -9.225218
2087 -37.03331 -8.743964
2088 -22.30192 6.784435
2089 -28.426764 69.56539
2090 -32.71207 52.140594
2091 25.742123 81.71563
2092 25.737925 81.71583
2093 11.511023 83.46128
2094 -15.087686 45.243515
2095 61.724625 -22.30827
2096 -12.3758135 -97.09579
2097 -58.989014 -50.290195
2098 -26.312044 10.310496
2099 -25.087992 10.808634
2100 -33.982494 -40.189964
2101 -50.691933 -10.68677
2102 -44.207863 11.569342
2103 -44.32425 11.850903
2104 -16.864927 -14.809185
2105 -16.403154 33.298363
2106 -4.841484 50.36936
2107 -61.417213 -54.92521
2108 -61.035473 -9.422161
2109 -6.1795588 16.117218
2110 60.222504 36.474697
2111 24.202772 12.984393
2112 -49.43719 -10.65366
2113 70.04112 10.996006
2114 16.121418 30.65321
2115 16.403263 30.669992
2116 -16.49863 33.104656
2117 50.06135 -29.655264
2118 50.0655 -29.656609
2119 -60.969173 -51.07035
2120 -31.588646 5.99674
2121 -33.609077 13.67202
2122 48.99759 -11.917382
2123 -60.066357 -4.143795
2124 -46.080734 -14.072529
2125 -45.775364 -14.066208
2126 -49.928463 -15.958997
2127 -25.058905 11.002878
2128 -16.772097 32.254585
2129 32.79069 -4.2417755
2130 32.536266 -3.9598324
2131 -66.36118 -50.93582
2132 -53.44389 25.052086
2133 -29.465769 72.031815
2134 19.560875 -48.567295
2135 30.49585 -55.1063
2136 13.217768 30.372435
2137 -20.576855 11.489362
2138 15.281062 -40.353317
2139 38.782627 -0.73449653
2140 -60.16158 -56.057404
2141 -16.178347 7.405501
2142 35.56525 -30.187899
2143 -19.12431 -52.615536
2144 -35.567123 -3.7679462
2145 -61.847836 -2.2529616
2146 61.81177 -6.736603
2147 -60.166718 -18.363415
2148 0.48559126 -12.728286
2149 -35.045002 50.276386
2150 -58.747055 -47.068157
2151 71.5538 8.800493
2152 72.680145 8.321924
2153 -35.31363 19.8391
2154 -35.29893 19.814127
2155 -34.0852 -41.151512
2156 71.519684 8.536544
2157 -29.456627 51.764984
2158 -36.589935 -4.1634803
2159 71.50955 9.688794
2160 -56.22802 -52.852325
2161 66.04881 7.505355
2162 5.963535 13.214541
2163 6.1132526 13.541308
2164 -1.4140704 -61.80225
2165 -28.173805 15.079418
2166 -28.54774 15.737654
2167 -32.208973 14.405714
2168 -33.208878 -10.61651
2169 -36.611465 -4.627945
2170 8.726123 -70.84247
2171 8.475908 6.188019
2172 -12.64855 54.173992
2173 9.478679 37.540203
2174 -56.877865 -52.50786
2175 27.153131 6.6870637
2176 -7.205198 33.05003
2177 -7.174104 33.05304
2178 -19.236132 43.196274
2179 1.4599674 -2.0676138
2180 29.260727 58.811222
2181 9.690404 -50.802483
2182 -35.64408 -42.291
2183 2.833449 -45.32853
2184 47.133343 -27.975628
2185 61.42768 -9.576856
2186 -55.347137 -52.95551
2187 -8.365116 0.43381745
2188 -68.95187 36.284348
2189 -27.321074 -9.444785
2190 -28.33798 -9.139982
2191 45.198463 -36.05959
2192 -8.428048 0.011507809
2193 -59.31372 -19.578342
2194 -34.103676 57.048553
2195 47.081646 -27.500414
2196 40.90538 15.506567
2197 -35.307762 -33.93208
2198 -35.30743 -33.90967
2199 -61.158993 -49.760414
2200 -41.033466 7.0138083
2201 -33.491745 -9.655389
2202 -34.95205 -8.579005
2203 -35.07606 -8.249289
2204 63.503727 -32.10672
2205 75.57584 6.578418
2206 -33.425068 -10.415886
2207 -35.394005 19.056292
2208 17.280687 -9.186972
2209 -36.463055 1.9220742
2210 -36.75431 1.9214346
2211 -56.442726 -52.407066
2212 -40.628033 -0.06174799
2213 -47.20918 -11.404492
2214 -39.35339 1.7308525
2215 -43.946327 -41.96485
2216 6.5261574 45.94877
2217 -14.728994 48.359707
2218 61.319485 13.35174
2219 7.338037 -72.31615
2220 -14.535502 48.22212
2221 -55.660748 -52.000614
2222 16.22218 2.8690882
2223 -37.299225 4.208718
2224 -39.110783 -7.0086246
2225 -12.071504 22.869305
2226 -18.687567 45.167034
2227 73.74867 7.8813043
2228 -9.172474 55.216934
2229 -33.025436 -41.25916
2230 -56.608307 -18.083061
2231 12.42812 -20.066319
2232 -53.50815 24.710663
2233 -21.191177 11.218894
2234 -56.490646 -51.556103
2235 73.56163 7.913197
2236 -53.40155 -14.574472
2237 -53.640293 -14.664457
2238 -36.314793 -40.098648
2239 -27.716507 65.827484
2240 1.2767395 18.968828
2241 -53.69748 23.782211
2242 -53.671574 23.909634
2243 19.585281 -49.781944
2244 -4.9249063 17.003345
2245 -24.933584 -32.62553
2246 -57.5827 -52.178303
2247 -43.164604 1.6102796
2248 -28.310453 15.838382
2249 -39.045933 -6.8262534
2250 -60.558697 -9.25041
2251 -60.68962 -8.632906
2252 56.78522 25.472868
2253 0.6285465 19.555182
2254 8.447641 -70.80406
2255 29.28403 -16.353352
2256 -53.919956 -10.086668
2257 -58.51245 -46.701805
2258 49.00292 -33.37515
2259 -39.22935 1.7582237
2260 55.99202 -13.6230955
2261 -39.946255 -6.512315
2262 -54.505405 -9.887049
2263 33.717983 -21.147635
2264 8.451881 -70.46291
2265 26.4669 30.640001
2266 -56.61447 -8.860898
2267 -52.20733 -52.169598
2268 -47.499943 7.44816
2269 0.4920079 18.574379
2270 -37.469162 3.960081
2271 61.869026 4.323056
2272 -26.94926 -9.989061
2273 17.995092 10.36897
2274 -36.794468 -7.970032
2275 -45.67131 -2.4319549
2276 -45.87507 -2.4226558
2277 -56.652542 -52.249477
2278 33.753468 -21.809711
2279 -34.578594 56.81275
2280 -40.367252 -1.651986
2281 -25.307705 -32.525177
2282 -24.931223 -32.241142
2283 49.946827 -48.935608
2284 62.21666 -5.1842303
2285 6.31666 -20.857502
2286 1.227192 -15.095264
2287 -43.489662 10.336275
2288 -27.193321 16.391659
2289 -62.491447 -56.289997
2290 -35.772957 -6.8235116
2291 -35.22067 -10.9071
2292 40.741673 -25.04423
2293 26.748411 -56.994656
2294 -57.53642 -24.36359
2295 49.98236 -16.728662
2296 -46.462063 10.330596
2297 -46.215916 10.266701
2298 -43.531693 9.942065
2299 30.234692 -31.438154
2300 82.5826 25.678608
2301 82.58915 25.683239
2302 -62.172615 -52.45176
2303 -0.48809 -12.3401165
2304 -43.840794 -42.152332
2305 -67.719444 34.409023
2306 34.25918 52.441658
2307 -25.46695 49.67852
2308 50.636642 -48.224194
2309 42.05428 47.738983
2310 -2.2530422 35.65496
2311 -2.0731442 35.6511
2312 29.234966 -15.834795
2313 50.885487 -48.66305
2314 51.03886 -48.442974
2315 -55.34065 -49.861385
2316 -12.854389 63.933678
2317 -34.974155 -11.156542
2318 42.406933 20.202396
2319 42.308846 20.125105
2320 42.08355 48.142273
2321 64.90044 -9.29691
2322 -42.012737 -2.4839942
2323 -42.49187 -2.270284
2324 -24.246368 3.255035
2325 8.757265 -19.428125
2326 -23.130976 71.31721
2327 -58.912518 -48.579227
2328 64.759605 -9.202417
2329 -5.618643 18.556236
2330 20.501318 34.46533
2331 -40.809845 -1.9004537
2332 33.070316 -21.33099
2333 -20.50428 11.291147
2334 -48.40284 6.5730734
2335 14.587517 1.0914835
2336 8.713731 -18.99761
2337 -44.51804 -5.477818
2338 -47.3936 3.1528828
2339 -56.48753 -54.587215
2340 -37.114765 -6.3345165
2341 12.030303 -54.296352
2342 51.62486 -47.447697
2343 66.58143 3.8723378
2344 14.5908 30.00124
2345 -15.313655 4.9771895
2346 -58.825546 -23.644426
2347 27.654114 -49.335068
2348 -58.14188 19.304083
2349 -58.142845 19.301226
2350 -61.062416 -55.64968
2351 55.749527 21.369366
2352 3.9147568 6.2177134
2353 -56.525826 -18.04626
2354 -5.219067 6.860015
2355 -51.33449 32.935894
2356 34.567852 21.890432
2357 34.48475 21.698042
2358 -54.047134 12.45624
2359 27.953535 -49.49995
2360 -25.079214 26.845297
2361 19.536942 32.885006
2362 -61.212124 -55.75668
2363 -32.29354 -3.2176645
2364 -32.12834 -3.07267
2365 -24.589348 26.977499
2366 -24.024925 27.11002
2367 50.869263 20.717815
2368 -34.435745 -40.616848
2369 -15.415713 22.361336
2370 13.426476 30.510273
2371 66.99735 19.467001
2372 17.168894 -40.025566
2373 16.430048 16.031523
2374 3.9616137 5.8773136
2375 -54.98566 -50.441666
2376 -10.066972 13.369319
2377 -19.20373 -52.40449
2378 75.05086 19.91399
2379 75.05094 19.91386
2380 -28.475788 -3.2428722
2381 -35.05076 -38.935993
2382 -13.14549 -10.624343
2383 27.413187 -66.09803
2384 -17.149021 4.639434
2385 -56.63263 -8.373559
2386 -57.447693 -47.523262
2387 11.335621 -32.724674
2388 11.383221 -32.738174
2389 -33.1038 -7.7284446
2390 -35.528698 -6.7459197
2391 -32.790874 -5.897701
2392 -34.097443 -5.8787384
2393 51.236538 -49.037518
2394 18.10362 27.970497
2395 -17.553833 4.5902224
2396 -20.3998 -8.649379
2397 13.173593 31.872227
2398 -55.387596 -50.321175
2399 -14.666158 -10.354933
2400 -0.93701917 44.83722
2401 3.8642414 -20.892002
2402 -44.36616 -5.897747
2403 -8.400907 41.024586
2404 -19.589636 19.850452
2405 39.535126 -34.497684
2406 -20.400076 -8.650089
2407 30.203188 -31.570189
2408 -0.3389104 2.790564
2409 -0.6555637 2.518775
2410 -58.189507 -49.310577
2411 -49.272095 -17.2663
2412 43.89766 -1.4637296
2413 -53.300514 3.1305068
2414 -53.41713 3.4210112
2415 -53.632214 3.815046
2416 38.77965 40.342434
2417 38.752304 40.25638
2418 -35.943565 41.698452
2419 23.359503 52.561596
2420 7.7835813 13.927684
2421 11.362853 51.24624
2422 -66.84603 -41.045834
2423 22.314486 53.37413
2424 -41.2573 -2.2419808
2425 -68.58451 34.608074
2426 36.67624 34.27088
2427 36.535614 34.057747
2428 -23.07575 27.291035
2429 -23.414904 27.230452
2430 -43.923336 -42.391876
2431 -54.60633 8.715847
2432 14.188057 -96.50383
2433 8.052524 13.76629
2434 9.904652 36.4401
2435 -54.833366 13.127758
2436 -62.159073 -43.70663
2437 36.528877 30.060469
2438 51.30402 -49.361446
2439 6.610689 14.584832
2440 6.6167946 14.682493
2441 -34.50229 -0.79733837
2442 15.264277 56.710094
2443 15.259237 56.661987
2444 -49.665524 -14.749667
2445 -49.226818 -17.207254
2446 -64.3773 39.291912
2447 -12.654684 -5.3159084
2448 17.67492 28.348148
2449 17.76476 28.245756
2450 -67.2035 -36.864304
2451 -48.725044 3.147573
2452 -48.995598 2.827346
2453 37.253777 21.747131
2454 66.07293 7.2649536
2455 -54.402843 13.0001135
2456 28.483776 -49.20699
2457 -31.961155 52.583363
2458 -6.7526007 7.365129
2459 -12.591417 -5.231093
2460 21.114145 19.651636
2461 12.464188 30.809422
2462 -66.265945 -40.3132
2463 -53.56793 11.709716
2464 -52.85179 11.8827915
2465 -15.314316 44.999493
2466 -15.297683 44.594574
2467 13.55151 29.153467
2468 18.242867 2.276043
2469 75.66105 3.2294989
2470 25.66254 -12.702582
2471 21.176327 19.609472
2472 -0.28922647 -12.406622
2473 -34.41214 -6.4963813
2474 47.886127 3.325605
2475 -66.91346 -36.90211
2476 61.577465 13.193649
2477 -54.429752 9.523782
2478 17.331532 -2.5885797
2479 -33.881863 -5.421633
2480 -54.48877 -21.175024
2481 -54.6761 -20.753653
2482 -14.961379 -10.093093
2483 -56.725487 -9.916109
2484 -34.194553 32.24366
2485 -46.388065 -25.62391
2486 -66.962296 -40.263348
2487 41.93432 -24.993525
2488 22.032278 -12.00842
2489 -31.965454 52.829987
2490 24.553265 26.573412
2491 24.747776 26.853264
2492 -46.19103 13.729148
2493 -46.525604 14.230754
2494 67.20972 3.3630946
2495 -12.5654125 70.42131
2496 38.39029 31.719944
2497 36.988052 31.751547
2498 -66.509445 -39.271385
2499 58.055187 -9.828829
2500 58.810844 -22.504288
2501 28.943182 37.741394
2502 49.655792 8.877974
2503 -44.30553 -41.363335
2504 22.294289 26.076736
2505 22.730875 26.760492
2506 -8.76982 42.577633
2507 -4.915803 9.527292
2508 -43.521782 -3.0706038
2509 -67.51558 -39.516888
2510 14.303533 31.172775
2511 56.35912 -41.150223
2512 52.279488 10.424216
2513 78.063416 -4.9341025
2514 78.049 -4.927807
2515 75.94477 3.8906496
2516 13.474447 30.989717
2517 -6.3347173 42.182392
2518 -15.701402 49.127052
2519 -13.639126 5.238131
2520 -67.33885 -40.43578
2521 -22.750706 -25.13837
2522 3.6932285 2.118192
2523 46.347443 24.630384
2524 -46.70796 14.5065565
2525 66.26641 3.7792945
2526 -19.781145 12.935879
2527 -19.631462 13.325885
2528 -15.36668 49.089684
2529 4.190177 72.84239
2530 14.572175 -35.32202
2531 15.051129 1.5712051
2532 -67.493126 -41.85118
2533 -42.118168 -2.8104043
2534 24.701445 35.896084
2535 27.48711 38.5158
2536 52.89375 -7.6626554
2537 27.0631 37.454586
2538 29.83058 -91.63642
2539 14.312951 0.8315125
2540 -47.63081 6.416145
2541 -54.68094 8.499944
2542 -7.497512 41.11067
2543 -33.47583 -30.442636
2544 -43.8003 -42.35084
2545 -61.1689 -56.405598
2546 9.183774 -45.70313
2547 -67.90965 32.822826
2548 8.105613 6.960701
2549 -34.11448 -40.590054
2550 -58.97686 -24.622103
2551 34.665524 -29.930887
2552 70.66874 11.905909
2553 -3.9719474 8.802184
2554 16.634226 -39.44055
2555 23.79767 13.746854
2556 -41.482998 2.5254338
2557 52.520382 2.3016818
2558 -67.37364 -38.530716
2559 10.062137 15.406045
2560 9.927582 15.400375
2561 -33.47573 -30.441463
2562 34.618988 -29.636229
2563 -35.102844 -7.1895847
2564 -10.117052 -40.590748
2565 52.495705 2.474113
2566 12.847344 42.835304
2567 57.586056 -32.694225
2568 -66.83808 -39.74683
2569 -14.902153 -10.629553
2570 -22.695131 -24.965368
2571 17.535881 11.003932
2572 17.903677 10.877486
2573 -35.547928 -42.032913
2574 43.736866 -14.123191
2575 26.47646 38.378216
2576 12.4472275 42.8508
2577 25.941427 40.834396
2578 1.0992664 12.878863
2579 -67.671776 -36.187153
2580 43.221573 -2.1462169
2581 27.247206 38.00886
2582 27.628096 37.762882
2583 42.106754 53.309826
2584 42.106754 53.309338
2585 22.46576 27.205202
2586 -59.58947 -10.56045
2587 1.3884801 -39.47397
2588 55.098274 -10.30638
2589 -16.528948 -1.7718432
2590 -65.40797 -40.623768
2591 25.40617 40.124313
2592 25.519566 39.67021
2593 36.205025 17.6386
2594 60.61425 4.8123837
2595 15.860708 2.4917264
2596 25.788582 40.5727
2597 70.71311 8.710209
2598 -27.2053 -9.197976
2599 1.3515007 -39.313885
2600 -39.11275 -10.358684
2601 -38.78075 -10.329955
2602 -67.787506 -36.022537
2603 -40.033966 -10.015312
2604 -54.44956 9.682671
2605 38.767822 31.686855
2606 -1.3728163 7.2634006
2607 -1.1468307 7.208057
2608 -49.09538 3.903568
2609 -41.022865 -1.437565
2610 14.472685 -9.710814
2611 -39.71899 -40.69428
2612 31.429401 -23.285608
2613 -65.48705 -39.358826
2614 -21.468739 44.6426
2615 39.2199 31.676987
2616 -16.646008 14.398381
2617 -33.819557 -39.09139
2618 -37.924072 8.574792
2619 -47.346592 -11.540915
2620 -32.739174 -40.16525
2621 -43.517445 -41.976685
2622 14.255831 -9.541787
2623 70.38232 11.242483
2624 36.00909 -34.718643
2625 -67.010185 -40.226555
2626 -10.660682 6.1712565
2627 18.28569 -26.480558
2628 -35.603848 -5.7595444
2629 -35.54715 -5.9040146
2630 -4.9663982 7.8091927
2631 -33.771534 -39.993286
2632 -36.03081 -7.0524564
2633 -47.671574 3.143058
2634 -1.0130243 -33.008785
2635 -31.552387 6.9256496
2636 -66.055885 -41.838585
2637 -46.5413 6.3846354
2638 -33.167503 1.9649659
2639 3.8295784 -20.888453
2640 -17.768135 -51.91412
2641 35.73034 -28.858534
2642 37.557003 -32.76568
2643 -31.569078 6.5693436
2644 -15.551362 -24.969023
2645 32.887867 19.899103
2646 -68.50458 -40.58642
2647 -14.007212 37.96099
2648 -7.8257446 -52.417503
2649 -0.37158015 46.073116
2650 -9.300207 -30.220425
2651 38.53234 15.2108135
2652 -12.6880245 35.11825
2653 44.906487 34.247765
2654 -58.89077 -20.1872
2655 66.21872 8.697528
2656 -35.435883 32.596344
2657 -44.04326 5.476984
2658 -44.054626 5.9555545
2659 -68.48835 -40.817577
2660 11.918434 45.127716
2661 52.52223 -6.058266
2662 -67.12769 30.855942
2663 8.774232 56.56232
2664 38.826084 -30.482742
2665 45.325787 -10.989791
2666 -31.608562 13.651866
2667 -35.25637 49.836094
2668 -44.753834 -6.1742697
2669 -39.3554 2.331698
2670 16.190376 44.814545
2671 26.760721 21.170343
2672 5.908402 15.448557
2673 -68.863014 -40.20353
2674 -4.4244637 7.94871
2675 69.457184 20.448055
2676 -38.109577 -6.527804
2677 4.68888 27.856262
2678 -22.41927 13.270121
2679 -35.15449 -38.696224
2680 26.43017 22.047153
2681 7.599712 38.253418
2682 -4.960802 29.395924
2683 5.8228974 18.100887
2684 -69.43593 -40.57369
2685 -16.968193 31.65618
2686 -33.394012 31.613462
2687 1.1320543 35.33127
2688 -95.66918 42.48505
2689 -42.14956 18.312792
2690 17.233694 -41.24575
2691 -31.156786 68.694405
2692 1.5224723 -28.705704
2693 0.9636301 -28.489202
2694 -68.752625 33.1333
2695 38.47645 -0.62258893
2696 38.001354 -0.58354306
2697 11.146633 36.374645
2698 44.09263 -20.008076
2699 -29.697248 26.411789
2700 -30.10498 26.678844
2701 -30.076223 26.772036
2702 -24.44863 37.426785
2703 -13.54802 -4.3886576
2704 62.93743 -21.140844
2705 39.33584 20.419548
2706 -70.92369 34.111507
2707 25.863028 19.41232
2708 25.788162 19.85282
2709 25.13301 19.826595
2710 -21.38756 -49.937588
2711 25.943317 5.897962
2712 26.303946 6.5382957
2713 26.819742 6.881472
2714 64.35699 -20.976562
2715 62.653004 -21.310553
2716 20.745056 -37.94684
2717 27.427374 21.569862
2718 -12.918856 67.33553
2719 -69.34874 33.957855
2720 11.632564 19.355137
2721 -0.45604554 33.027924
2722 -1.1522555 -33.145695
2723 47.09964 -27.260317
2724 1.1392306 -65.98172
2725 21.889435 13.191014
2726 28.046858 7.169206
2727 -45.82919 39.01946
2728 39.353268 -78.48478
2729 -67.68426 33.650932
2730 54.18567 7.2062016
2731 6.4313684 -71.58878
2732 66.23103 44.295547
2733 40.990696 -36.70342
2734 18.125973 -12.245522
2735 -2.4443028 -46.443336
2736 64.6679 -20.914629
2737 -45.84221 39.02479
2738 23.14349 -40.022823
2739 -3.855358 7.907498
2740 19.704079 -50.60279
2741 -67.48079 35.2569
2742 0.28729686 43.2896
2743 -3.2079647 -30.959223
2744 3.1548076 -44.7954
2745 2.5581427 -44.702557
2746 3.4595983 -47.33616
2747 17.551619 -50.855785
2748 9.542578 -24.138718
2749 9.914783 -53.744232
2750 1.1827693 -66.85963
2751 3.9577343 -48.97579
2752 11.003098 -19.54859
2753 -71.24075 35.521935
2754 -104.130974 20.264626
2755 23.213385 -33.362278
2756 23.188868 -33.212673
2757 22.647295 -32.62304
2758 18.454323 -26.782185
2759 18.494646 -26.855078
2760 5.874459 -48.91227
2761 -0.7229841 -59.979385
2762 16.955194 -10.879578
2763 -67.502144 33.276814
2764 8.7456665 23.570702
2765 24.042345 -6.187692
2766 -16.236626 -33.875286
2767 -15.666478 -25.025274
2768 24.107473 -36.41704
2769 24.272896 -36.37853
2770 63.772564 46.19483
2771 26.298416 -8.074202
2772 26.260063 -7.8307233
2773 -71.44458 37.012615
2774 -0.53293484 -49.916504
2775 43.443855 -4.544297
2776 -71.42612 36.453465
2777 -17.077452 31.349113
2778 26.05644 65.01741
2779 -9.15869 68.02615
2780 26.366726 65.146736
2781 25.891747 64.95873
2782 13.3901205 -57.13069
2783 30.925314 -35.33016
2784 2.2493198 -48.07308
2785 -7.809955 25.425377
2786 -6.8061185 -62.85067
2787 -67.78788 33.85662
2788 -2.6277544 -17.824078
2789 -2.346948 -17.411076
2790 -2.1630917 -17.15276
2791 11.3777895 53.649433
2792 11.384841 54.147346
2793 11.3886 54.455643
2794 -33.338474 45.16666
2795 -11.860248 70.56318
2796 0.99219716 -71.23022
2797 -2.5898216 -47.837963
2798 15.0890875 -12.140084
2799 15.309465 -11.953966
2800 -68.50419 31.66724
2801 -15.495648 42.053185
2802 38.90217 0.25259778
2803 -3.361014 61.965946
2804 19.576065 -20.163965
2805 19.577255 -20.15947
2806 19.533215 -13.189339
2807 -4.334138 -43.674706
2808 31.061394 3.870755
2809 -14.085914 -19.846397
2810 -67.3036 32.14779
2811 12.090301 -11.680198
2812 12.137653 -12.132414
2813 13.141259 -13.991842
2814 13.394004 -14.878805
2815 13.818005 -19.41057
2816 29.864923 5.7986054
2817 31.058136 3.8768466
2818 2.5682454 -14.001531
2819 62.603172 -22.016071
2820 -68.28953 33.57092
2821 13.992895 -20.519745
2822 13.396626 -20.288332
2823 13.437294 -14.199053
2824 13.518209 -14.539489
2825 19.575508 -7.962752
2826 19.522253 -7.9992414
2827 33.56878 45.749897
2828 -5.8673234 19.602808
2829 -69.48306 30.18161
2830 7.771201 42.09667
2831 12.869552 -5.8122673
2832 49.48523 25.914516
2833 28.992764 -7.056295
2834 6.558315 -7.9543543
2835 16.228586 -22.527803
2836 15.828827 -22.333397
2837 15.757764 -22.32834
2838 -17.52156 10.500078
2839 17.993244 -15.948864
2840 -5.7313514 28.829302
2841 -5.802348 29.00729
2842 -69.58876 32.327595
2843 -1.6129873 14.085641
2844 -15.751106 -25.074995
2845 -12.129646 67.0199
2846 -8.345137 13.922543
2847 -45.593483 47.65245
2848 -8.269822 -32.48476
2849 -6.347043 -29.745018
2850 54.995514 26.248339
2851 13.287316 -21.721195
2852 -7.3954854 -65.89764
2853 -3.5073168 6.8175874
2854 4.1907425 -13.075549
2855 58.52903 -21.09248
2856 -9.360362 49.19181
2857 16.240034 -67.189926
2858 65.98389 44.908173
2859 -2.84571 10.306452
2860 5.109969 61.90337
2861 -0.8812691 -29.111109
2862 -72.43152 26.519018
2863 35.723286 37.107582
2864 37.664112 -12.372699
2865 13.203979 -57.278496
2866 34.202244 46.583237
2867 40.115692 18.184229
2868 3.076476 -67.062355
2869 -13.35288 -30.78913
2870 7.1711583 -71.531906
2871 10.326095 -55.07186
2872 20.05185 -51.594654
2873 -72.12595 26.727907
2874 33.164116 46.683113
2875 -35.704487 41.29653
2876 16.917017 -67.469475
2877 16.920685 -67.503654
2878 17.357729 -67.82222
2879 20.866367 53.888992
2880 5.438924 -43.72409
2881 3.2905838 -46.274513
2882 29.240662 -40.01016
2883 -73.40147 26.699587
2884 7.5457506 -43.106697
2885 -72.23958 36.5082
2886 7.2136993 -71.631256
2887 4.389851 -46.035446
2888 18.341913 -49.49888
2889 19.738298 -50.339214
2890 26.093475 -57.23344
2891 29.258436 -40.35961
2892 40.320114 -23.74662
2893 58.866695 -52.40861
2894 51.7747 -1.5238557
2895 -71.420135 34.445267
2896 13.526995 -20.05513
2897 -21.391459 51.370434
2898 21.85317 55.71909
2899 -14.00401 3.7343545
2900 28.449472 -36.710598
2901 32.647182 33.47359
2902 7.9695845 26.521322
2903 -71.10301 27.891014
2904 21.853285 55.576206
2905 0.37695676 -66.58309
2906 8.196203 26.670874
2907 39.882553 17.238682
2908 26.447199 -40.737606
2909 26.511892 -40.61525
2910 32.515354 33.55847
2911 10.727866 -41.837673
2912 61.514256 -8.188359
2913 -23.160772 -48.369335
2914 -74.05932 25.931528
2915 -7.3725414 66.50168
2916 -21.54612 46.181385
2917 62.099804 -22.013723
2918 -51.377956 30.463001
2919 13.158774 84.434204
2920 18.797731 43.22518
2921 14.134289 -53.4401
2922 -16.482296 38.109543
2923 -0.3206013 -49.43932
2924 5.072877 28.31351
2925 21.907787 56.540737
2926 -72.84024 25.949343
2927 -0.17371969 -1.5394441
2928 -0.003035292 -1.2077689
2929 -0.795499 -4.516459
2930 7.611398 24.784649
2931 6.1478896 25.264788
2932 6.121688 25.265245
2933 0.23764631 -22.891169
2934 0.039643705 -22.883541
2935 -0.06876494 -49.397522
2936 -28.911583 71.96941
2937 -73.33127 27.44392
2938 -24.732327 34.930077
2939 1.7705221 35.684525
2940 1.7803307 35.354805
2941 -10.853508 -25.884666
2942 44.98417 -25.921377
2943 44.88659 -25.843729
2944 -36.716465 43.383724
2945 3.407025 -51.026764
2946 28.36375 58.621075
2947 8.918164 5.373688
2948 -72.75259 32.40547
2949 52.55581 -6.979077
2950 -29.42125 -25.670786
2951 -29.413317 -25.63162
2952 18.740122 43.213512
2953 21.918745 56.788784
2954 -17.790356 20.805754
2955 -14.768909 67.407326
2956 6.5506215 22.724483
2957 6.4905534 23.054966
2958 61.34032 9.177593
2959 -15.899012 -17.064507
2960 12.902025 -20.513979
2961 -74.33217 27.05127
2962 -0.246756 -0.7201475
2963 1.7033352 -0.24932529
2964 -1.4440205 29.440775
2965 22.333849 -27.224546
2966 35.997536 14.183823
2967 35.94328 13.987796
2968 66.46744 4.9763427
2969 -20.598944 -32.915062
2970 53.03671 -6.8761563
2971 10.080104 -52.124046
2972 -73.51931 26.681736
2973 57.523228 25.006853
2974 -12.799627 34.576942
2975 -29.416962 -25.640823
2976 57.23772 25.126703
2977 33.85893 37.372467
2978 17.819302 63.6497
2979 -20.75026 -32.925014
2980 28.906935 -35.37197
2981 55.73733 -42.393208
2982 -71.77243 25.714254
2983 -16.682802 -41.97795
2984 29.069641 -6.683708
2985 50.7988 -1.7148635
2986 51.55673 -1.7522467
2987 51.760826 -2.5557373
2988 17.55064 64.141426
2989 6.6131563 25.682602
2990 3.3856943 1.3360827
2991 -20.040192 -32.90877
2992 -12.848662 67.06159
2993 13.628369 -61.788315
2994 -73.61932 21.495182
2995 -0.81061333 13.576574
2996 -66.22198 34.963142
2997 -4.4190397 15.941007
2998 31.971 30.77553
2999 -7.8119097 -18.939089
3000 -7.664066 -19.051945
3001 42.509003 -41.057518
3002 -10.502099 67.90304
3003 -0.886885 -29.12187
3004 -14.679766 -3.221248
3005 20.42966 13.842577
3006 -72.336136 18.97046
3007 16.417793 66.37895
3008 17.970316 64.00358
3009 -0.68166685 57.80083
3010 -11.932481 65.9541
3011 41.883247 17.531897
3012 42.11305 17.531319
3013 28.17921 -34.593136
3014 20.452072 -50.55651
3015 48.527893 2.6073134
3016 61.16922 -7.438513
3017 -72.51516 18.99655
3018 48.347965 44.560646
3019 49.871548 26.181692
3020 -35.08321 48.27062
3021 25.66259 47.614876
3022 35.68618 62.396362
3023 35.684704 62.397545
3024 -0.50561816 32.943436
3025 37.081673 -16.189417
3026 27.323729 -66.823875
3027 18.026169 63.793186
3028 -10.146199 68.1622
3029 -73.88114 18.648642
3030 -4.326869 13.025246
3031 45.507607 -47.366295
3032 45.51827 -47.38596
3033 33.808144 -42.239105
3034 -19.991844 -55.828747
3035 7.7129283 15.93213
3036 2.5392528 35.439144
3037 -16.827135 4.6154385
3038 -12.666142 3.8395345
3039 1.024531 -28.325403
3040 -14.1065645 67.24638
3041 -75.35062 20.51165
3042 18.811132 -51.87814
3043 -13.222632 26.342062
3044 62.415775 -8.294495
3045 61.546684 -7.624362
3046 18.665657 62.28942
3047 16.266293 43.367226
3048 58.33412 8.189521
3049 1.6047044 -55.055264
3050 -13.297283 25.899143
3051 14.31752 28.11363
3052 -74.597595 21.002764
3053 52.069626 20.930399
3054 23.692398 52.354923
3055 5.0174427 -47.23706
3056 29.460514 -6.4654145
3057 14.001721 -42.196205
3058 -5.8070064 -12.245448
3059 -5.7967625 -12.243108
3060 39.48534 6.2152567
3061 -4.0245843 -21.898407
3062 56.08603 -22.022589
3063 20.29389 43.24124
3064 20.197771 43.23987
3065 -76.1123 19.935059
3066 -21.954262 -24.783165
3067 8.934865 5.8099194
3068 31.224226 45.86901
3069 54.03143 4.511421
3070 64.186195 45.096294
3071 -5.6657243 -23.817833
3072 61.96632 -7.537217
3073 44.910145 -1.9803201
3074 -75.43658 19.580624
3075 39.284946 13.360248
3076 51.537178 -6.5733175
3077 65.91322 8.623333
3078 65.664604 8.939492
3079 -10.674074 -18.917467
3080 -5.8380566 -12.251031
3081 -4.6442294 -24.700352
3082 20.158823 -44.888615
3083 -28.152645 44.80574
3084 -34.741203 42.543648
3085 -76.87605 21.584133
3086 35.384865 -15.912037
3087 -35.399998 41.036907
3088 8.867173 2.4951115
3089 -22.246685 -25.75814
3090 -10.731418 -12.915721
3091 39.54453 34.612793
3092 39.310776 19.998686
3093 0.6712247 -68.80832
3094 20.189636 -44.941288
3095 -11.290205 -41.033493
3096 -75.57288 21.332033
3097 -10.57686 -13.082187
3098 -14.340837 67.320244
3099 -0.61629313 28.810814
3100 22.37676 -14.825546
3101 48.95456 -32.36522
3102 33.63085 -5.2691307
3103 33.74162 -5.3356824
3104 -0.4417023 28.857435
3105 62.429913 -20.610006
3106 4.960002 61.486572
3107 5.4397864 -39.88638
3108 -75.09996 20.670813
3109 -1.1614447 48.167484
3110 -7.2999396 -23.530045
3111 -65.55191 34.234795
3112 -12.993976 70.30558
3113 33.91542 -67.67639
3114 33.915043 -67.67355
3115 39.480755 7.514163
3116 35.813324 31.66457
3117 35.246555 31.751852
3118 35.61719 32.55091
3119 29.155243 58.027622
3120 14.373166 6.7404194
3121 12.523704 -38.630127
3122 -74.66715 19.742752
3123 35.44422 36.98526
3124 16.20296 44.502907
3125 23.402521 -49.37931
3126 11.608574 49.861736
3127 -21.307755 51.479824
3128 -6.4705644 64.311226
3129 -33.888924 45.086155
3130 34.1216 -42.404575
3131 -24.245533 7.787763
3132 52.770836 8.663045
3133 -74.77511 21.971724
3134 60.79031 10.322951
3135 68.24967 18.424171
3136 22.85352 -16.702171
3137 58.77421 -52.200706
3138 20.011822 6.9820657
3139 19.956936 6.963475
3140 45.910984 -36.233612
3141 16.410728 -40.549595
3142 -4.800953 21.144863
3143 26.827154 -21.389128
3144 -76.22733 20.75965
3145 1.9066229 10.918865
3146 33.954693 31.931711
3147 28.703712 32.98105
3148 59.78415 48.75246
3149 17.309423 37.73389
3150 8.93206 -18.571455
3151 62.286484 9.894214
3152 -2.3267803 -47.54263
3153 -2.3781846 -22.735569
3154 -16.37842 -42.16256
3155 -71.07385 17.432201
3156 8.477996 -51.216743
3157 17.324837 22.256937
3158 2.2367337 39.321274
3159 11.956413 -2.036039
3160 30.463598 27.575308
3161 33.560093 36.833252
3162 33.852055 37.13207
3163 -10.189234 -74.106255
3164 -7.1352935 25.561546
3165 48.510616 44.195267
3166 -10.539017 -73.92216
3167 -75.90619 22.29141
3168 2.3763487 37.221947
3169 -5.256803 50.594246
3170 2.2055905 39.116795
3171 -5.135304 -6.732722
3172 31.186152 27.068224
3173 30.860525 27.092913
3174 -8.101365 -32.533962
3175 23.890995 13.519208
3176 29.697945 -35.03982
3177 -71.8167 19.13091
3178 18.544733 64.384834
3179 -13.194146 -23.709457
3180 16.489244 66.447685
3181 52.706905 30.265734
3182 52.395123 30.25628
3183 52.174656 30.438463
3184 -33.64159 45.092278
3185 -24.522116 45.508007
3186 -12.991502 -9.747828
3187 -6.1430154 -28.490852
3188 0.3203585 -28.720774
3189 -70.08535 17.321678
3190 58.8282 -53.137825
3191 38.643085 -16.611706
3192 -22.423063 -49.172493
3193 0.61452836 36.159542
3194 3.5852206 72.29815
3195 1.5055528 36.26555
3196 0.24597967 -65.91006
3197 7.653272 41.8344
3198 2.641106 -41.54504
3199 39.3494 17.53582
3200 39.2773 17.57836
3201 -70.37782 17.37334
3202 -17.497496 39.71915
3203 -17.378555 39.540134
3204 33.143177 38.64763
3205 -5.9765334 13.910703
3206 -24.584301 34.2332
3207 9.698623 3.3171213
3208 10.399276 3.0368721
3209 48.917458 -37.088303
3210 6.84585 36.455196
3211 -75.2932 20.512379
3212 27.064457 -22.000862
3213 27.487629 -21.71573
3214 15.961581 43.242413
3215 32.146107 -20.913008
3216 49.009697 -36.884212
3217 0.3841587 -66.86786
3218 43.847237 -2.1532633
3219 43.624508 -1.9524152
3220 14.202153 -62.183887
3221 0.8369193 12.593334
3222 -16.925238 -52.230804
3223 45.42442 -37.049248
3224 -74.05334 20.350594
3225 0.69823813 12.434141
3226 -4.0879316 -34.51749
3227 -65.01395 30.727356
3228 -9.9175005 -45.090145
3229 17.115211 21.921236
3230 -6.3247666 -32.226353
3231 61.80576 -0.9313349
3232 61.33989 9.3999815
3233 3.580025 -24.864426
3234 3.6521263 -24.877018
3235 5.733422 -25.85503
3236 26.975603 -36.849327
3237 -3.8676376 -26.029114
3238 40.517258 -31.865328
3239 -75.46612 20.434845
3240 58.41804 8.228672
3241 15.638876 -41.68317
3242 62.961662 47.656166
3243 -10.167757 -35.180157
3244 26.634514 -57.888443
3245 3.353546 1.5796171
3246 25.584532 -21.901941
3247 70.38289 -11.989954
3248 25.856758 -57.63125
3249 30.865082 -33.785133
3250 -75.52317 18.558092
3251 21.360111 -48.26401
3252 -4.166425 -34.317837
3253 17.387587 20.093992
3254 17.387112 20.08821
3255 18.103241 22.453741
3256 18.432043 22.528847
3257 29.005177 -36.054188
3258 11.203596 -52.541626
3259 31.886568 19.685543
3260 39.997818 -65.35763
3261 -77.61829 18.859934
3262 9.504623 -27.43989
3263 8.843388 -27.332386
3264 8.587718 -27.656738
3265 39.99827 -65.357605
3266 6.6645694 -26.26541
3267 40.93472 -6.6039357
3268 11.05138 -53.477886
3269 -77.35638 19.129166
3270 12.354877 -28.002508
3271 12.128084 -27.765608
3272 9.477086 -26.798323
3273 5.636923 -45.314762
3274 3.4945405 -6.900361
3275 4.5793633 -7.4595766
3276 -108.799835 4.519511
3277 47.97988 29.005932
3278 48.092457 28.83168
3279 -77.50684 20.343521
3280 35.137 31.469732
3281 -17.1182 37.393196
3282 31.638123 30.721645
3283 35.980274 -44.65344
3284 36.510536 27.66245
3285 -4.5353556 18.551523
3286 36.225082 3.4152198
3287 1.9658977 -43.287285
3288 -81.21357 9.155969
3289 -4.213426 -22.607569
3290 50.450817 22.914656
3291 -5.945787 19.363708
3292 43.598175 -0.32447743
3293 -17.136663 53.129597
3294 36.337315 3.2605472
3295 -6.3088236 45.544003
3296 -6.3938684 45.661495
3297 -81.3893 9.615465
3298 41.86835 -41.74586
3299 -7.788149 15.936561
3300 12.82108 -28.291702
3301 -1.496073 53.389862
3302 5.4578576 -4.035241
3303 36.212685 2.6947753
3304 32.316425 8.240251
3305 32.782345 8.082511
3306 -79.15701 8.551007
3307 6.8653574 -4.1072245
3308 7.187464 -1.7634647
3309 7.2363935 -3.6349452
3310 13.042122 -28.413366
3311 -1.4950637 45.66871
3312 10.614515 49.556942
3313 -1.7102872 -0.7856911
3314 29.171906 -36.00311
3315 39.785625 -16.230043
3316 -82.65474 9.068996
3317 -9.503978 -14.286356
3318 38.068047 -15.806371
3319 37.399055 -15.293321
3320 -0.047994997 35.067776
3321 20.495955 -49.728363
3322 12.297927 49.333885
3323 -2.96847 -30.98021
3324 24.64104 39.756733
3325 16.12877 24.863224
3326 42.847343 -13.935475
3327 -80.74615 8.6791935
3328 32.90221 -34.636333
3329 52.872128 14.733628
3330 -71.01377 37.34626
3331 -15.317349 -37.811604
3332 62.558685 47.12746
3333 61.072227 47.600876
3334 43.646652 -15.642713
3335 43.014805 -14.522623
3336 -16.687807 -33.01472
3337 9.800726 -4.5027814
3338 16.450102 24.900192
3339 -3.1774487 -49.584824
3340 16.394976 16.028677
3341 30.306803 -36.896854
3342 -81.772385 11.093697
3343 6.319348 -3.5524023
3344 -7.9261107 -40.742405
3345 35.933662 -44.880096
3346 33.519203 71.310165
3347 -23.748896 38.915127
3348 33.34759 -13.346872
3349 33.573353 -13.548307
3350 7.5085483 -1.6731356
3351 -44.075836 61.359604
3352 -5.650337 -31.387215
3353 -80.51454 9.747003
3354 38.30707 -15.597498
3355 39.985916 -8.391675
3356 33.27258 -20.012571
3357 35.118893 10.910559
3358 34.936436 10.982601
3359 6.1794276 -8.017099
3360 7.512106 -8.421158
3361 -1.1223248 -62.950504
3362 60.582527 2.2348585
3363 -44.07572 61.359646
3364 6.5914874 -9.782898
3365 -81.35421 8.903614
3366 -51.34351 30.83473
3367 39.45637 -13.210816
3368 59.118504 17.647915
3369 34.082546 5.0261297
3370 -5.332735 16.000057
3371 37.514183 -34.45964
3372 -4.047763 -42.929066
3373 -22.028572 -13.167862
3374 70.655945 -11.878068
3375 33.684006 -5.88259
3376 36.523438 -13.8477745
3377 -82.3636 8.655823
3378 -4.866259 -32.04619
3379 41.489803 -7.708611
3380 20.505583 -13.923032
3381 7.7734275 -28.14718
3382 19.862085 32.706417
3383 16.52661 -33.413204
3384 -12.308132 -23.298761
3385 -12.518514 -23.473318
3386 14.728101 32.979122
3387 14.841048 33.18885
3388 -71.29561 17.092422
3389 9.136009 36.41806
3390 7.5936317 -3.5911944
3391 -11.690228 29.555853
3392 15.1844015 6.434219
3393 15.424384 6.6847954
3394 31.759989 -38.78092
3395 31.620096 -38.64745
3396 -28.791115 16.398653
3397 56.11831 -18.803167
3398 55.957607 -18.53541
3399 -82.88125 7.6511827
3400 -3.180668 -56.878475
3401 -4.9334526 26.509182
3402 6.5668516 -0.7201258
3403 -5.923467 26.131329
3404 30.190918 -60.924995
3405 37.995747 -16.02972
3406 11.549294 -51.657978
3407 59.19123 50.84556
3408 6.0790358 60.567417
3409 -23.066484 -48.466057
3410 39.363026 20.662308
3411 -81.84656 11.424287
3412 9.843331 33.74409
3413 1.1998128 -27.488121
3414 55.81935 6.641827
3415 3.1675808 -43.67059
3416 0.2711683 28.371721
3417 23.472582 -29.016825
3418 5.898049 -55.012714
3419 5.8082247 60.626595
3420 42.70581 59.021126
3421 42.707443 59.01322
3422 -81.58359 7.0736966
3423 33.162697 -13.174839
3424 34.237976 30.792105
3425 22.18823 -23.815338
3426 -6.4855247 -31.10802
3427 -5.8931623 -30.757763
3428 37.43881 -58.38329
3429 37.58142 -57.37081
3430 37.637775 -57.09064
