1 13.687531 -1.0934442
2 -34.38572 -20.556496
3 -47.8655 56.058178
4 -25.959784 -30.351145
5 4.9498773 -8.773532
6 -51.300667 -32.691578
7 7.8006124 -5.3142276
8 10.477298 -38.306812
9 18.960484 0.53570646
10 -28.001936 -30.724543
11 12.614664 -30.065063
12 -47.300888 55.456097
13 -81.08458 24.646984
14 -0.73943144 -18.43116
15 -26.49122 73.67161
16 9.417348 39.78656
17 27.049236 32.970997
18 27.04905 32.967564
19 4.2792797 17.800488
20 -26.093987 -30.129704
21 -27.875801 -30.484598
22 -30.224693 38.22819
23 14.190177 -36.538246
24 -47.836136 56.921265
25 -31.723959 -43.690926
26 -31.502481 -44.107635
27 -12.978609 -19.656553
28 -38.57172 8.518639
29 49.95301 -3.075388
30 31.054512 9.428025
31 30.801538 9.043196
32 -28.5901 29.786795
33 -4.491578 39.873074
34 -4.499067 39.86071
35 -43.181927 57.806316
36 -4.319498 12.80886
37 -28.485104 -2.8621902
38 -15.583754 -27.297602
39 11.272647 8.948739
40 23.147863 6.2551756
41 6.6893187 -15.58007
42 -10.717811 -28.328371
43 -7.8469176 62.01679
44 26.572336 -15.818574
45 -44.90296 59.30574
46 51.78368 9.18325
47 51.76822 8.801694
48 8.864389 -22.83247
49 -12.461347 -3.379645
50 -10.927761 -4.278507
51 -0.15228646 -7.6830826
52 28.427681 -9.8480625
53 28.333315 -10.015268
54 28.327868 -10.211811
55 18.89305 26.736048
56 30.104939 3.8627837
57 30.098694 4.180497
58 -43.59978 57.132553
59 4.126768 48.612843
60 62.358383 7.7479978
61 24.647596 4.590812
62 -3.8611157 12.209061
63 -4.0296135 12.418953
64 23.280987 3.226144
65 30.046522 3.042734
66 -5.857303 3.9129255
67 33.665165 22.97712
68 49.752026 28.825523
69 -44.092743 57.717213
70 -4.4661083 13.010053
71 -0.36421537 -21.049927
72 -0.35722205 -21.008492
73 0.13468772 -53.66375
74 0.14883302 -53.714695
75 -0.8597147 2.9694715
76 18.301243 -27.845564
77 -26.680407 -7.2243075
78 -0.8992593 -18.3451
79 -9.448008 -9.235553
80 -43.5767 57.572315
81 -2.3754723 1.873177
82 -20.03626 0.43076605
83 19.57211 35.85188
84 62.35869 7.747401
85 -8.335461 -12.178697
86 20.400578 -1.1737674
87 0.11659084 5.017412
88 4.0051203 13.9972515
89 21.765617 35.305023
90 -42.27119 60.01667
91 -21.820541 38.287167
92 -21.815825 37.91296
93 72.754074 -7.146147
94 72.67936 -7.219122
95 21.612234 -8.865054
96 18.569544 -9.469845
97 15.583374 55.90295
98 -3.3298724 -7.704454
99 23.886774 42.306488
100 -42.122967 58.91378
101 26.20244 14.590616
102 26.188358 14.573492
103 38.081776 14.847705
104 38.987015 14.540315
105 39.23059 14.453065
106 67.193596 -42.291317
107 17.932734 32.63182
108 17.90671 32.70777
109 18.320107 33.84659
110 7.1979847 -7.588596
111 30.499073 8.627982
112 30.272871 8.3344345
113 -43.313953 57.48416
114 16.383413 56.365345
115 -32.832428 -19.70701
116 -5.0702314 -3.4045632
117 -14.280137 43.121227
118 12.876395 3.5388937
119 -8.203847 -4.7894063
120 -7.2000237 -5.61817
121 -30.280567 -55.23744
122 -20.596235 8.187264
123 9.381147 -50.183968
124 19.38338 37.043003
125 -24.815735 -55.23234
126 -43.961143 58.483887
127 9.210516 -50.227142
128 -39.179802 -2.2678268
129 -80.86345 26.319187
130 -21.786034 -19.976316
131 -39.584324 -13.357397
132 48.67655 12.935743
133 24.458605 37.93029
134 -30.831322 -16.653204
135 16.353773 55.941757
136 5.296297 -2.4060285
137 0.84420496 0.9346954
138 33.934494 0.72664255
139 -8.042858 61.15704
140 8.30592 40.417397
141 -43.832405 56.3366
142 -23.181173 8.94593
143 -7.4104056 -9.357282
144 -1.8421962 -16.309477
145 49.201397 21.438782
146 49.023514 21.37391
147 48.86722 21.276674
148 -80.56577 25.408129
149 -26.532467 50.59312
150 43.069405 -24.705023
151 -45.253338 58.15569
152 44.618546 26.624416
153 44.417862 26.5434
154 27.984503 21.03972
155 27.95744 20.988274
156 27.4523 19.873278
157 28.693272 -24.946651
158 28.722317 57.034737
159 16.182957 55.828754
160 28.048426 0.084372446
161 10.0449 39.335667
162 -41.82156 -22.854431
163 -43.86901 61.236706
164 -33.09207 -26.565897
165 -27.061338 -4.9446836
166 7.8383775 21.840574
167 32.64164 -30.773384
168 -20.367304 15.599768
169 -21.154171 15.436372
170 -21.23439 15.175997
171 -9.744703 64.34027
172 -31.391323 7.8914404
173 15.588812 -9.919431
174 6.077717 -7.0406556
175 -44.537155 56.920513
176 -51.480675 -32.874542
177 -53.81617 -35.452785
178 -53.898636 -35.52233
179 -52.600117 -38.18775
180 -52.587765 -38.217518
181 -28.22281 36.473183
182 2.0240235 -21.432903
183 18.4893 4.7893147
184 1.7028322 1.6938835
185 17.411692 -20.847363
186 -42.066666 52.815563
187 -42.12468 53.04213
188 -16.312208 4.8549166
189 -16.21239 5.1170535
190 12.976362 -17.829643
191 20.41919 6.811514
192 -26.919762 26.413967
193 9.954174 -40.192196
194 -45.9092 57.019863
195 9.797436 19.375095
196 9.693447 19.354109
197 -41.96686 -57.313896
198 -31.1064 -25.282106
199 40.31283 7.787458
200 40.332203 7.793201
201 9.823312 -40.525543
202 -8.666281 53.37388
203 -42.68866 57.209156
204 -46.973225 2.2816067
205 46.89159 10.831199
206 43.13544 3.4290178
207 -19.71743 -37.005478
208 -19.714935 -36.95726
209 -8.644564 53.363876
210 35.564827 45.726536
211 35.25055 46.10082
212 -43.001125 56.602425
213 -18.300446 -8.205608
214 -18.319616 -7.682979
215 -14.072311 30.095171
216 -14.080583 30.104038
217 -26.532116 50.593407
218 41.09471 -0.85901374
219 -47.696526 2.137115
220 -43.43359 59.3543
221 29.44833 35.696976
222 29.189703 35.678246
223 7.814345 -14.179914
224 -10.538506 -8.073159
225 13.678848 -9.124857
226 13.630887 -9.08037
227 1.4826407 -36.026886
228 7.376657 -29.590073
229 -28.492704 36.5447
230 -47.910667 2.1002262
231 -42.876575 58.418663
232 -29.796259 35.347168
233 -82.71759 25.69822
234 18.48464 30.412077
235 19.328306 29.323956
236 55.907646 24.302505
237 55.875435 24.281487
238 54.584793 23.455433
239 17.542263 -43.831985
240 -39.700706 35.772366
241 -16.542425 5.284832
242 -45.094543 55.31914
243 5.90082 68.98678
244 5.662969 69.70958
245 -51.4889 -21.262543
246 -46.494556 2.349187
247 52.983383 22.234367
248 2.4613934 0.4696539
249 8.328818 -32.793686
250 -3.268894 -5.4538116
251 34.888477 45.761864
252 -42.26486 55.58225
253 -13.145974 19.75458
254 6.2490954 66.257195
255 6.22836 66.424095
256 1.2845967 31.950819
257 17.778017 -20.249767
258 14.078009 -55.16841
259 14.074712 -55.153442
260 24.320208 0.23277253
261 10.864277 -6.523294
262 -40.84619 55.88232
263 22.45142 -6.1355677
264 -16.920307 48.155212
265 14.500848 -26.356491
266 14.534586 -23.339087
267 14.630537 -23.160685
268 20.118044 44.873306
269 26.619143 0.40323886
270 -26.77586 21.918007
271 9.828003 39.4752
272 -40.96995 57.236916
273 -18.624512 -17.82015
274 -16.888254 48.109894
275 36.524685 37.612892
276 -0.55980426 -10.310054
277 11.428602 -2.027788
278 7.035143 -2.8570209
279 -59.984844 -5.3609533
280 -11.909427 -9.661827
281 -42.036713 56.702797
282 9.471211 -20.982344
283 47.882954 43.469757
284 6.3020835 -5.9546947
285 4.5051136 -3.038309
286 12.824708 -41.54011
287 16.037115 -42.768208
288 -4.776995 21.896078
289 -59.999195 -5.3531733
290 3.8910053 -0.22362389
291 -17.81048 -3.8967216
292 -42.246624 57.734585
293 69.487335 -8.235974
294 3.0718026 2.9493356
295 -15.882852 -18.634447
296 -15.700373 -18.695368
297 7.2259483 44.722614
298 7.1224556 44.02197
299 -10.812864 27.293924
300 -10.183421 37.77447
301 -37.672535 37.33704
302 -41.226738 58.334084
303 10.632941 -0.9193831
304 -60.748936 -20.256845
305 -21.4938 38.75773
306 3.5008907 -1.5009798
307 -54.374184 -35.585278
308 -10.362754 27.272852
309 -21.895176 29.824427
310 -37.31299 36.259083
311 -43.937244 61.41305
312 31.586983 -26.23655
313 6.54739 44.55221
314 -61.45402 8.682724
315 8.19199 40.519176
316 -22.208326 29.67396
317 7.736905 45.391197
318 -22.042341 29.739658
319 -35.791588 -61.42773
320 -37.881588 12.290242
321 -43.441113 55.26004
322 11.9426155 -36.393852
323 13.050978 -36.43564
324 13.813971 -36.499187
325 6.535379 72.606255
326 41.211475 -52.83871
327 29.193247 -45.764606
328 29.220316 -46.036213
329 -38.14405 -32.646526
330 2.9996629 -20.219164
331 -40.437954 39.924553
332 -38.021748 -32.73777
333 -30.660069 -48.92485
334 -79.70046 22.235836
335 -30.556847 -48.66553
336 -20.362335 11.793639
337 9.132872 4.7932453
338 13.208077 5.2359805
339 57.364166 28.211115
340 -2.8747673 -0.6373489
341 3.7942114 16.408598
342 -40.293552 39.72774
343 -40.63377 59.507874
344 7.2440414 -47.857796
345 2.2607296 -6.7152367
346 -60.95201 -17.099129
347 -2.801346 7.460263
348 -2.6650326 7.3667703
349 9.176987 52.77523
350 9.170159 52.815434
351 -27.18992 24.292877
352 -15.270835 38.285114
353 -40.034103 58.332382
354 -7.4658775 -14.120001
355 1.1315991 -5.6313453
356 10.299235 -36.114716
357 10.524335 -36.289368
358 -27.052113 -62.209385
359 -20.054964 15.6683445
360 20.69388 -13.019797
361 -0.9930555 -3.703511
362 6.466912 -17.278833
363 2.8833423 10.235541
364 -3.6503825 -15.451185
365 -40.720867 58.762306
366 2.8205993 10.142698
367 7.931999 -3.0877876
368 5.5424876 58.80853
369 5.2940693 -32.59249
370 40.50344 22.821655
371 3.1410575 56.466965
372 3.7981188 5.7566743
373 64.99864 21.762589
374 5.216019 72.78377
375 -0.3071474 -23.908188
376 5.2862177 -32.56436
377 -41.125008 58.515
378 31.990885 -6.9225583
379 -13.918232 30.011723
380 -44.598347 -33.23811
381 -44.394817 -33.29672
382 -44.225536 -33.35626
383 -3.1630354 -6.6400123
384 -15.26977 38.28573
385 30.924183 -0.6188288
386 58.020756 -4.706834
387 58.006817 -4.702844
388 -36.380222 57.876225
389 -33.521767 38.62094
390 -7.5610914 -40.38248
391 -7.8300643 -40.35633
392 -8.072582 -33.854343
393 -22.770634 7.967525
394 -5.4300485 -30.827766
395 14.099331 38.45149
396 -9.450456 -36.85773
397 31.107065 -0.76738
398 -38.791332 61.690178
399 24.785936 11.932817
400 -3.1797302 -11.279565
401 1.8607527 4.401032
402 7.7246175 -6.3429227
403 10.169954 -39.60173
404 22.52752 13.974164
405 9.958318 -25.425442
406 26.039316 10.442199
407 -27.09736 23.658266
408 2.2668333 34.680344
409 -36.894367 60.298508
410 30.452255 -16.387396
411 30.914345 -16.663198
412 31.076384 -16.69654
413 16.49026 -42.297
414 -38.046688 2.298963
415 -38.401543 4.774329
416 4.3014684 -11.485454
417 22.954464 9.017647
418 -15.574 -18.868666
419 -27.117914 24.054136
420 42.991028 16.607933
421 42.95798 16.64018
422 -10.597567 64.70324
423 9.6220255 15.330844
424 9.604073 15.445505
425 4.957769 20.794239
426 4.0123386 20.646427
427 -21.639057 43.080894
428 -24.99225 32.27207
429 -42.954216 4.8876047
430 -42.949738 4.8875084
431 43.41402 16.783655
432 -38.28752 -32.56788
433 -35.800774 -61.425575
434 -13.077233 51.764942
435 -23.562454 37.498005
436 -36.278446 62.893604
437 -4.524186 15.895217
438 16.466248 23.69001
439 16.541187 23.906836
440 -6.3806825 64.474915
441 -58.6333 -15.38947
442 59.647816 -45.205036
443 22.420303 9.224222
444 34.18195 1.0001465
445 11.144941 -44.569973
446 -36.950645 61.73706
447 34.046326 0.8704897
448 16.063105 -42.69868
449 -80.67031 23.613531
450 -25.956112 73.8257
451 48.448765 16.057516
452 0.9608482 -6.9738297
453 32.110016 -22.827967
454 17.552141 -41.752544
455 11.187033 -44.58053
456 -14.304945 5.7173934
457 28.048424 21.171564
458 -37.838276 62.588753
459 4.6582713 3.9303427
460 64.796196 -16.757504
461 65.166466 -17.174402
462 66.90335 -21.390772
463 -0.2850963 6.0597553
464 9.082324 1.0155808
465 66.8719 -21.735043
466 -24.841688 6.284335
467 66.49817 20.111729
468 14.842132 -22.2778
469 -36.698723 60.470726
470 3.5771291 -29.966047
471 -34.12065 -50.681335
472 -0.37839174 1.8407388
473 -2.2287064 -6.033263
474 2.1716936 -2.8849282
475 12.310354 -10.77703
476 12.217457 -10.70647
477 -13.347208 21.465816
478 5.9636593 3.720731
479 59.468464 -14.1816225
480 18.65341 4.872587
481 -31.89104 61.90681
482 -5.054548 -34.868717
483 17.077465 -7.240336
484 -38.011116 7.179377
485 37.43844 4.974926
486 37.44943 4.940485
487 1.5769671 -1.0194917
488 -58.491352 -16.842083
489 -25.75586 73.71713
490 32.614742 -32.32646
491 39.836113 0.096115045
492 -24.968424 74.889755
493 -35.572414 64.536064
494 -58.50377 -15.129341
495 8.12454 24.220312
496 8.129927 24.228361
497 -4.9154425 -30.636484
498 -9.104258 -13.360567
499 26.692383 -45.13993
500 -58.181164 -35.378063
501 6.617153 1.6443253
502 65.41262 -16.207508
503 28.986769 1.1986312
504 -39.1432 -2.0939462
505 -38.53032 60.44681
506 55.749783 3.8177488
507 55.759342 3.8074415
508 0.168321 -29.091446
509 12.805596 15.7536745
510 -28.307999 8.872069
511 -7.146728 -11.465077
512 0.1899929 27.918076
513 -1.6358719 -9.755143
514 -20.840662 43.2971
515 -35.123276 16.031796
516 -35.475044 64.80527
517 0.42131862 12.665019
518 7.755227 -11.26689
519 14.8612385 4.5996184
520 -7.8375764 -1.7043625
521 0.66652286 -29.006626
522 -13.939141 -5.9556603
523 -4.231309 -4.828668
524 -10.733935 46.17496
525 -10.699299 46.09246
526 -34.00022 -52.42566
527 -9.064361 44.55576
528 16.154299 -17.365442
529 -37.550007 60.239967
530 6.8874865 -3.917468
531 53.696323 -16.021555
532 9.392117 -5.836038
533 -25.623781 74.81936
534 -28.453009 8.8681345
535 -7.9430037 44.24293
536 -8.265283 44.330936
537 -8.901645 44.551266
538 28.244568 46.64656
539 -25.806337 -3.4997883
540 -36.548927 60.230923
541 64.629944 12.879022
542 64.19039 13.192493
543 63.575596 13.121885
544 -33.593487 6.542362
545 10.285906 1.8741366
546 -36.638428 -51.123074
547 -34.870213 -51.136467
548 -38.72894 -4.5773463
549 15.256104 -44.555275
550 -39.171417 -59.518524
551 -6.1204367 -19.737223
552 0.842445 19.22126
553 -36.618248 59.918503
554 12.537418 -22.437338
555 47.27314 5.1321516
556 33.611435 66.752884
557 34.588448 28.58241
558 -25.317322 74.41966
559 -36.064144 1.8082271
560 8.475047 -12.759916
561 -16.182938 -24.261322
562 -6.141813 -19.792633
563 22.332619 -0.82306623
564 12.4386 -7.1026535
565 -25.407484 74.21258
566 -38.093063 59.391582
567 12.921805 -49.388344
568 7.372881 21.001074
569 -84.96256 26.637968
570 7.2686133 21.083988
571 26.652407 -15.503085
572 29.082878 -6.516398
573 -41.848656 -28.521488
574 -7.8374367 -54.74897
575 33.522366 66.54661
576 6.029171 -2.0338728
577 32.591457 -12.481401
578 -35.280663 16.021679
579 -35.024883 13.795608
580 -36.405544 58.967186
581 32.87777 -23.141054
582 29.498064 -53.146835
583 29.476883 -53.196796
584 70.93071 0.51004726
585 70.941826 0.5107063
586 -38.21447 5.724125
587 -8.5378 24.090458
588 31.999077 65.41262
589 33.20208 65.849106
590 -0.5618032 -8.543093
591 -35.017765 -13.5306015
592 -21.548449 73.539375
593 -36.90253 60.955677
594 -2.261073 36.31709
595 -2.2422957 36.335773
596 -4.856937 7.786153
597 -4.935662 7.820154
598 2.1343806 54.31255
599 26.716167 -17.230185
600 9.29383 50.355453
601 33.24604 65.78134
602 -37.919865 7.0965395
603 -2.5163903 -8.467361
604 -36.06191 1.1034893
605 9.061127 -50.302372
606 -37.70417 61.14474
607 33.291714 65.95544
608 -26.066751 9.90281
609 -24.174295 9.104525
610 -23.74815 10.287021
611 4.426032 -21.345516
612 -2.2777135 -10.1876745
613 -21.450605 73.51008
614 -25.074217 73.2212
615 10.234777 -11.99095
616 -9.963656 -22.826996
617 -16.656282 17.654406
618 -16.71097 17.69646
619 -37.16278 59.396416
620 -35.42776 16.079063
621 -38.463497 7.9637165
622 4.8162737 17.08904
623 -7.318739 -7.0035367
624 4.614131 -6.4309816
625 -29.824162 -53.915535
626 -32.36889 36.80349
627 -7.897393 -54.791584
628 -14.93209 -33.417213
629 -37.59527 58.25592
630 -25.449913 -47.04186
631 2.8592298 1.6890708
632 -44.87987 -18.435778
633 -44.845234 -18.360487
634 -44.46101 -16.27306
635 -44.34256 -15.964868
636 -44.241787 -15.741327
637 -25.795242 72.79668
638 48.11233 15.765973
639 -36.32565 18.351355
640 -39.44062 35.69988
641 2.5333815 -11.34669
642 -34.19278 60.824184
643 44.790928 -49.641953
644 31.541895 -31.472986
645 -5.7669597 -30.573421
646 33.25766 -22.806221
647 26.953499 23.977608
648 -1.707318 23.434385
649 -36.32244 18.371305
650 5.129616 1.4433067
651 -35.05282 59.719437
652 4.3484097 18.802769
653 65.47897 -13.622745
654 65.55769 -13.559795
655 65.70967 -13.347823
656 -17.630932 -16.376032
657 -60.253403 -17.76542
658 -25.633398 73.37042
659 -11.586115 -15.129759
660 -24.792334 13.377723
661 -24.82148 13.502913
662 -35.12546 58.643005
663 5.7415314 30.636831
664 9.285606 50.51134
665 -33.7286 25.637642
666 25.418308 -1.0463957
667 -58.944942 -35.709362
668 -5.1782475 -5.6920266
669 -38.847366 -13.476759
670 -6.3485923 37.72271
671 -10.987689 -35.199028
672 -39.155006 -59.522404
673 42.541935 21.341558
674 -54.574776 33.78914
675 -6.0823135 2.350178
676 -1.1984954 42.065704
677 3.7014463 -35.086193
678 -46.33565 -6.559888
679 -8.0364 -41.606766
680 -33.26565 -1.7227664
681 -37.39233 -50.54242
682 -3.134289 -8.574729
683 -52.780506 -8.242956
684 5.656843 58.974773
685 -35.964203 59.618828
686 -43.192127 -45.38584
687 -79.193474 22.566996
688 28.573256 -43.781765
689 24.566704 11.947342
690 24.32509 12.035219
691 -37.777058 8.971229
692 -37.50207 9.818935
693 -37.438225 10.242462
694 44.146793 -18.643892
695 -0.10439879 42.74102
696 18.565031 -9.497356
697 48.131268 -8.610775
698 42.83405 -26.562439
699 -36.00609 60.30911
700 -20.997494 43.2879
701 -3.5248778 32.0852
702 -10.371404 45.379833
703 26.987528 -21.506771
704 21.281143 11.854883
705 5.136353 -0.4080239
706 -38.51738 2.3687315
707 -2.1147516 -11.104413
708 -33.837128 -4.5343647
709 4.7731757 -2.3120203
710 -31.06858 47.7678
711 -53.096203 -8.45287
712 -53.952217 -8.340821
713 -36.331734 1.5377183
714 -36.592434 1.476422
715 0.8641628 -2.9998248
716 -38.36203 4.5847764
717 26.611912 -15.613958
718 -33.158966 -4.9742866
719 13.28339 48.353
720 -5.461641 22.252724
721 -33.62089 59.333355
722 -18.668207 27.955154
723 -14.245316 5.8390994
724 -34.087536 -2.7852793
725 -27.262005 6.6169353
726 -1.0216311 42.40757
727 0.14901796 42.84171
728 -9.014026 12.13701
729 13.2842455 48.344128
730 -50.46462 -13.881934
731 16.999943 -49.408035
732 16.994892 -49.39621
733 -35.316895 60.70286
734 20.154757 1.2427022
735 -13.354261 35.146255
736 23.88424 37.596745
737 24.269617 37.595875
738 -36.850685 -37.69581
739 20.47388 6.8186817
740 -24.419773 8.513365
741 -17.370909 -31.622852
742 -50.82092 -13.34725
743 -1.1467624 -17.915686
744 -35.892147 61.676853
745 -1.3576094 42.581795
746 9.345485 68.5696
747 -32.835003 -5.251773
748 9.233598 51.826397
749 23.517723 -24.819653
750 23.617943 -24.719799
751 -34.01614 -2.972322
752 -36.984646 -50.94959
753 -6.0193105 -22.597677
754 8.860184 8.83294
755 -9.835053 64.49024
756 -36.168167 60.92484
757 -34.14102 -5.1934047
758 -33.92039 -4.5056715
759 36.800663 -2.2096694
760 10.765339 -25.697163
761 10.246107 -25.513853
762 5.603168 -1.1119256
763 14.656476 -26.471943
764 19.63872 50.748238
765 11.907588 22.438385
766 58.89173 -20.789232
767 -34.605595 56.301918
768 17.154802 -7.2218657
769 9.664574 59.131428
770 9.551588 59.432983
771 -3.5951786 59.028416
772 16.712868 -3.464784
773 16.852669 -3.6005857
774 11.51727 22.348093
775 3.778891 56.44741
776 -42.225147 -5.664481
777 46.80045 42.721786
778 -34.811047 62.026257
779 -13.364159 42.66322
780 72.89501 6.1554403
781 6.394362 16.227898
782 17.990438 -2.3592513
783 17.64987 -2.6971781
784 -55.529953 -6.90445
785 9.84602 59.709755
786 14.230208 -51.661
787 23.159575 -64.91949
788 -27.349073 -7.984713
789 34.725754 -55.01374
790 -9.330921 -2.376564
791 5.7890315 6.545334
792 -52.221607 32.29838
793 21.63407 63.162594
794 48.088303 43.076633
795 47.83341 43.277565
796 48.22117 45.52074
797 48.321033 46.21815
798 48.29477 46.288826
799 48.947193 47.261787
800 -1.4428931 5.838662
801 -52.603245 31.245008
802 -2.141045 -27.519136
803 1.102589 43.069176
804 -81.89779 23.634624
805 9.110011 59.495586
806 21.52727 62.841606
807 -6.609837 28.198334
808 16.883038 1.9895678
809 50.258186 47.355507
810 24.585354 -5.5564475
811 24.459576 -5.7264037
812 -15.5775795 5.383634
813 -3.0384462 -10.397752
814 -52.299713 31.514029
815 45.740273 -55.05504
816 8.29823 -16.023293
817 55.362827 -6.8987446
818 0.15283425 25.282448
819 -0.5263083 -35.643703
820 -7.238839 28.868088
821 15.158604 12.724845
822 47.759174 48.311172
823 22.70877 24.521955
824 -5.78527 -7.7284775
825 -51.934586 31.493565
826 3.3644118 -70.28471
827 3.36598 -70.29393
828 -6.2349024 28.443266
829 3.1137729 -0.7259895
830 6.7988634 2.7512329
831 -36.816532 -21.908398
832 8.253077 -1.0885743
833 -7.698891 -25.95134
834 -4.668189 -0.83050674
835 -54.49047 31.875935
836 32.617496 -47.711445
837 -3.304681 -21.662474
838 -6.6820297 18.107283
839 -6.6708426 18.076763
840 -55.41086 -8.225682
841 -11.588605 76.66677
842 42.64402 48.849377
843 -4.6770854 -0.7129409
844 -46.31006 7.266136
845 -36.850784 -37.695538
846 -8.691481 -6.1122155
847 -53.562286 31.54779
848 21.35017 11.8816395
849 31.955992 -30.686375
850 7.4790497 -1.8560457
851 -1.4984871 11.538006
852 3.3042529 -4.721928
853 12.129719 -36.040462
854 48.14043 49.132534
855 -52.924168 -8.703407
856 -29.02643 37.150654
857 -47.76526 6.9055405
858 -53.40154 32.605183
859 43.871613 -49.234825
860 -21.68949 36.55806
861 73.75037 -6.039189
862 -42.168697 -22.091318
863 11.993528 35.71028
864 -7.8617067 -0.33087113
865 -6.236211 27.769833
866 -47.86219 6.8843427
867 30.369259 49.495968
868 -53.1648 31.027977
869 49.00398 48.864227
870 6.2484813 -3.2659822
871 -7.621054 1.4272248
872 25.88161 -21.585741
873 -46.566715 -28.47554
874 -2.468939 -9.124218
875 22.257677 -13.89671
876 23.698933 42.290176
877 8.253795 -45.43926
878 -54.766487 -3.120902
879 11.236439 22.551197
880 -51.915314 29.417307
881 -12.780107 43.720284
882 -13.586584 43.11343
883 38.32543 48.030952
884 37.683964 14.981968
885 18.033895 17.36055
886 44.99971 -10.007887
887 3.113906 -2.426321
888 -54.9248 -2.8865013
889 -46.87215 -6.2963285
890 -52.493324 30.380829
891 28.212858 -19.614235
892 51.39808 9.423951
893 -61.56727 -18.682323
894 23.581934 19.878712
895 -4.4932704 24.575256
896 -15.327949 43.08152
897 -12.543274 -3.3400013
898 -1.1917351 -50.175697
899 60.03794 -41.232643
900 2.1999507 -23.01676
901 48.44345 48.464134
902 -49.982212 32.334576
903 48.289986 15.758368
904 -3.5457418 -41.824192
905 -3.6373107 -41.376007
906 -3.7103944 -41.115948
907 -4.1288095 -40.91673
908 -1.6811154 14.009372
909 -34.123318 24.121212
910 -33.8123 25.279505
911 6.7338324 4.8550563
912 -4.0763717 5.6610026
913 -51.40892 30.565023
914 39.814205 -8.926221
915 -26.281063 3.3780239
916 -83.92905 22.72526
917 -25.987589 3.2928674
918 1.5693765 43.0848
919 -23.247446 3.964529
920 -23.228777 4.035974
921 1.2727182 -3.9604754
922 -18.39711 20.355106
923 -11.519629 76.185684
924 -12.179048 75.96406
925 -8.552178 33.372475
926 -18.748144 -11.335478
927 -53.51838 30.446226
928 -14.170967 -29.645435
929 -14.033763 -29.57629
930 -8.065135 -40.001152
931 24.223036 -20.889225
932 29.48637 -5.461148
933 65.581535 -1.780106
934 9.004644 -6.9617624
935 -8.471964 33.20622
936 9.063964 10.272877
937 -54.408855 29.938103
938 -13.561747 22.469091
939 27.130543 30.78554
940 31.467264 15.336082
941 31.426811 15.334827
942 -7.4160542 29.07828
943 -25.140997 -9.763506
944 -25.179892 -9.665544
945 -8.392234 33.03037
946 -54.570343 30.85607
947 -6.9790015 -54.283726
948 -5.7254233 -55.023106
949 -5.314459 -55.31024
950 -5.0879307 -55.472836
951 42.73402 -18.02528
952 -7.8960047 -50.959587
953 57.16571 6.959207
954 57.35896 6.79777
955 30.723417 18.726765
956 56.781487 6.99289
957 -53.69564 29.456467
958 31.03943 40.461338
959 31.03017 40.514618
960 -27.721039 -6.8322024
961 -28.740683 -7.1612706
962 9.580548 -28.074062
963 9.58111 -28.074696
964 -7.486819 63.811054
965 24.514727 37.297085
966 64.73668 -16.800055
967 -4.409851 1.7487643
968 -39.85841 7.3084917
969 -26.483181 3.5948281
970 -53.880188 30.42428
971 57.398262 7.143078
972 -2.9124098 26.593319
973 -2.9227448 26.624659
974 -9.758815 -33.8978
975 8.460485 17.434511
976 8.27433 17.458818
977 -10.240236 37.758007
978 -7.2002387 62.240044
979 -8.007985 -41.398396
980 -34.50525 56.10167
981 -22.538391 -11.815823
982 -22.60509 -11.854357
983 -28.238317 -14.138985
984 -28.12123 -14.569667
985 -2.980653 -40.51056
986 -2.2187111 -39.858456
987 -13.613568 -11.114912
988 -13.677289 -11.125008
989 -47.09313 -45.632458
990 -6.9227834 -51.495213
991 -31.459795 -44.72636
992 76.40634 -11.9185915
993 -7.387212 -37.576416
994 -18.155329 -31.132647
995 5.032069 -1.9031292
996 1.5016874 -2.076515
997 -5.0428123 -6.985582
998 -6.9990597 -37.656734
999 -46.07334 -38.83546
1000 -6.3873262 -0.35522097
1001 -18.884604 -30.741512
1002 -52.981033 29.419197
1003 -5.1979694 -17.912634
1004 -10.428393 -38.47421
1005 -10.6109495 -38.692085
1006 5.161927 -5.588757
1007 18.676483 30.26346
1008 -17.540178 -30.582747
1009 2.3981018 -15.669412
1010 -59.495823 -16.613295
1011 -4.121436 -35.17864
1012 -53.303043 30.176826
1013 -8.349163 -35.622284
1014 -7.30563 -37.736946
1015 14.76384 -23.582062
1016 -4.218738 -35.03337
1017 -4.307103 -34.23095
1018 44.772038 -28.957596
1019 -8.767574 -36.50687
1020 -12.01583 4.3870177
1021 -45.815468 -38.528957
1022 16.701075 -0.16486414
1023 -9.28522 -36.00627
1024 -53.58703 30.46621
1025 -55.611095 -7.2530837
1026 0.13509747 -5.441234
1027 -83.87362 22.771912
1028 -3.9590008 -35.28684
1029 -6.8662577 -8.183426
1030 -0.45743072 -14.689118
1031 -17.94843 -30.704695
1032 3.4828265 -63.305298
1033 3.281648 -63.14487
1034 9.509287 -1.4461163
1035 -28.527689 -13.242687
1036 -28.559824 -13.241331
1037 4.009181 -63.691704
1038 -5.4045095 -10.48023
1039 -12.770971 -0.46000978
1040 -9.792831 -35.89074
1041 -9.371476 -36.05553
1042 -9.424147 -35.225666
1043 -3.3206477 -34.702106
1044 -4.631593 -35.95292
1045 45.112713 -24.85583
1046 3.797733 -63.536545
1047 31.27957 9.816702
1048 9.390645 3.3315194
1049 4.548078 -14.089818
1050 -54.71794 26.829681
1051 -16.33858 -41.563286
1052 8.295665 -9.294895
1053 -1.0938239 -7.5031548
1054 -12.049905 4.413481
1055 3.0868065 -45.491093
1056 15.149574 12.83127
1057 7.04504 -42.55711
1058 -42.81606 -55.84102
1059 -26.400501 6.779014
1060 34.67503 -1.7871157
1061 -55.642834 29.846062
1062 25.240383 -3.0222707
1063 -2.095449 0.696123
1064 -23.170261 -14.965603
1065 -23.387466 -15.184496
1066 -23.755312 -15.549102
1067 -23.9739 -15.771116
1068 -20.507154 -14.274576
1069 -20.307386 -14.1553
1070 -16.60075 -61.79771
1071 21.117052 -35.617188
1072 21.217014 -35.58349
1073 -56.154907 31.556982
1074 -27.996529 -30.276373
1075 -59.187668 -17.113218
1076 -9.2309065 -20.60931
1077 -9.107677 -20.383308
1078 -11.307654 -18.904041
1079 -11.297443 -18.887047
1080 -31.340185 -8.921812
1081 -30.998484 -8.7372465
1082 16.80865 -16.778612
1083 -23.02696 60.86141
1084 -22.99031 60.813507
1085 -53.213333 27.797628
1086 -16.964184 -13.660949
1087 -29.795273 35.71324
1088 22.068357 -13.658876
1089 14.02089 31.563932
1090 -18.208572 60.00216
1091 -18.2161 60.00425
1092 -23.23705 62.409863
1093 -23.487873 62.52095
1094 16.868464 -16.827211
1095 -45.509716 -3.5871038
1096 -22.37058 64.264275
1097 -25.468756 46.018955
1098 -24.237701 62.54075
1099 43.415195 -4.2085233
1100 43.405827 -4.2500734
1101 -3.7029428 -2.443102
1102 -31.589197 -9.062785
1103 -35.737804 -21.048649
1104 -36.15176 -21.231615
1105 -36.277714 -21.074429
1106 17.313822 -15.578145
1107 -15.85878 21.522371
1108 5.5489554 -21.378857
1109 -56.38418 28.183243
1110 -34.237484 -20.369102
1111 4.002763 19.522053
1112 -14.835019 57.1615
1113 -14.843925 57.161217
1114 20.219776 -50.315754
1115 -15.357497 21.581085
1116 29.089745 -5.853925
1117 0.33663377 -44.161457
1118 14.344861 -32.55619
1119 -1.0351626 -5.0778604
1120 -2.9844608 32.497437
1121 -57.231495 30.045624
1122 -6.1193666 -22.417196
1123 0.63354534 2.8535855
1124 -23.872608 11.421009
1125 1.9715621 -43.999054
1126 -2.5294192 -7.4673576
1127 18.381296 10.941261
1128 -15.960907 42.977917
1129 -45.946823 -38.682034
1130 44.918026 -27.81907
1131 1.3658513 -7.943549
1132 -0.22659378 -16.246782
1133 -50.798706 27.03674
1134 3.4310799 -21.634129
1135 -13.508789 43.238804
1136 -42.458946 -56.536484
1137 -23.434216 60.954914
1138 5.627959 2.3528218
1139 -34.482414 -19.80806
1140 -10.271024 -45.180454
1141 4.065756 -22.20737
1142 6.242672 -20.127203
1143 -54.77756 28.496273
1144 -10.265895 -45.16208
1145 -2.230984 29.515347
1146 -80.592125 25.519049
1147 -0.98509896 -1.731042
1148 -33.98639 -20.149904
1149 -50.491013 26.786484
1150 -39.900826 22.948387
1151 7.1984982 13.883128
1152 6.8518405 13.98169
1153 5.116889 15.697421
1154 -0.9452625 8.510682
1155 -29.308414 -5.282402
1156 -27.918318 -5.7683797
1157 -58.923195 23.658829
1158 -28.292236 -12.310313
1159 -28.084044 -10.428379
1160 -27.98367 -9.954256
1161 -26.9454 -6.38268
1162 -27.078827 -6.533611
1163 12.366653 -13.072646
1164 -0.29894665 -2.6488745
1165 -22.79517 63.966652
1166 -29.533365 -5.18397
1167 -18.100918 -46.335346
1168 4.084276 -22.957531
1169 3.6717792 -8.867606
1170 -62.29341 24.948774
1171 -19.699286 21.03274
1172 5.2441297 72.627556
1173 39.995693 -10.295818
1174 5.3331404 -22.627798
1175 11.05782 8.87319
1176 11.120456 8.862417
1177 -20.013298 21.098497
1178 -25.12637 -4.916554
1179 -47.055077 -47.070087
1180 -55.705273 -26.127695
1181 -55.727386 -26.11875
1182 -58.00807 23.513865
1183 -22.005844 6.821942
1184 0.4962038 -56.477943
1185 -23.331367 0.96033
1186 -23.448656 1.1748903
1187 18.907963 15.387714
1188 15.759097 10.156759
1189 -4.4159584 -13.61146
1190 6.496456 -1.109508
1191 -0.30714443 4.16868
1192 4.0040865 -2.414863
1193 -7.961831 -16.511456
1194 4.584237 -22.709274
1195 -60.675568 24.76012
1196 -14.839901 -8.405056
1197 -26.294064 -24.471956
1198 -16.205168 42.936275
1199 -19.906647 42.30042
1200 -11.270589 22.832302
1201 20.432245 -25.572363
1202 -58.508263 -17.525053
1203 1.4860182 6.2635603
1204 10.043593 -18.145021
1205 4.044025 -5.3202496
1206 -1.4743505 -10.481367
1207 -57.98797 21.167004
1208 -1.9938749 21.012243
1209 -9.472467 -31.354858
1210 11.534641 -14.963699
1211 2.1741333 -25.539566
1212 27.95284 29.96758
1213 -4.7348757 65.28923
1214 -4.5598574 65.34551
1215 27.101633 -45.048298
1216 -44.81424 -11.425523
1217 7.7164693 21.692257
1218 -25.685867 -1.1425686
1219 -61.48771 24.308342
1220 0.8152743 -56.81391
1221 54.401443 -15.564817
1222 14.913465 -11.794689
1223 14.861513 -11.764559
1224 -33.38559 -15.651197
1225 -33.3968 -15.705069
1226 -44.812935 -11.426316
1227 18.176577 11.305361
1228 -28.162651 -40.021297
1229 -59.526413 23.39279
1230 -23.169458 -21.886343
1231 -23.189259 -22.076504
1232 4.3365827 -22.422377
1233 -9.99705 64.23683
1234 -10.380283 63.855877
1235 -34.88765 -11.704403
1236 -2.1226306 3.4019034
1237 17.88969 11.234072
1238 -30.522614 37.311245
1239 -9.381296 6.946381
1240 16.414642 -24.097998
1241 -59.12632 26.85109
1242 -6.442548 -50.759052
1243 6.6299043 -2.060979
1244 -27.310246 -41.10106
1245 8.6926365 31.734669
1246 -32.054737 -12.813675
1247 -32.026875 -12.803532
1248 -31.056282 -34.266335
1249 -30.845898 -34.333447
1250 -58.396683 0.15646388
1251 -20.576164 3.5624409
1252 -56.86472 22.664902
1253 -27.787125 -40.580524
1254 -2.4217856 -25.464432
1255 8.258656 -8.040298
1256 -33.195694 -34.434853
1257 -33.054314 -34.448338
1258 -9.974507 -0.028165823
1259 -30.663961 -34.695766
1260 -11.453433 -33.299618
1261 -30.69897 -34.066853
1262 6.473753 11.17707
1263 5.6009517 -3.8533955
1264 -59.8442 20.384096
1265 1.9651765 71.05285
1266 -16.114508 -10.783938
1267 -81.72783 26.004568
1268 1.589438 -57.53565
1269 2.2892983 -58.07021
1270 59.000114 2.0482905
1271 3.0155814 -41.676674
1272 -20.83509 -25.293966
1273 -18.776867 -18.430574
1274 -20.056742 -23.9285
1275 -20.122288 -24.037964
1276 36.767715 24.391756
1277 1.9764811 -38.894554
1278 1.978567 -38.85368
1279 -60.26792 21.952694
1280 35.02007 6.647789
1281 34.324863 6.497934
1282 32.653217 6.0800443
1283 4.8239236 -25.147068
1284 -22.099623 -19.823055
1285 2.8928752 37.03588
1286 -20.800161 40.28728
1287 -12.602624 21.48736
1288 14.932599 -42.70551
1289 -81.40132 22.337996
1290 2.3122087 -5.676276
1291 23.166239 26.351063
1292 -60.07656 22.883001
1293 4.794259 -17.702063
1294 25.119347 -23.339457
1295 -14.419083 -45.731586
1296 -14.475816 -45.40122
1297 -14.564513 -44.837784
1298 -14.660617 -44.196957
1299 6.158384 19.613092
1300 -33.402092 6.6034603
1301 25.582964 -35.47803
1302 -14.677995 -43.926807
1303 -6.0877542 36.928093
1304 -61.240498 20.853104
1305 -63.63371 -9.207887
1306 -63.640633 -9.207338
1307 14.293606 -26.438457
1308 1.411906 17.609322
1309 -20.169847 -14.068022
1310 0.8440425 14.422475
1311 -25.787806 9.786063
1312 -24.964077 7.7315493
1313 -10.538799 -23.055426
1314 -38.62009 46.701378
1315 56.682865 -38.7785
1316 -57.076767 17.747437
1317 -3.2608724 -67.613815
1318 -2.4414644 -67.156136
1319 0.51316327 -57.088768
1320 -22.996582 -41.324623
1321 -22.976465 -41.295208
1322 21.482716 16.436995
1323 21.513418 16.457626
1324 42.873016 58.25274
1325 17.386295 -15.094808
1326 -54.70423 13.454693
1327 -60.820583 23.606998
1328 -39.430683 -16.661306
1329 -39.411438 -16.652994
1330 6.7590156 0.47888365
1331 35.650818 46.522
1332 -11.966896 -7.164612
1333 41.12811 -6.4858017
1334 27.4804 0.5425813
1335 -33.757774 -20.95189
1336 38.998714 -30.722109
1337 -8.256033 -67.51996
1338 -8.2223625 -67.51732
1339 -59.229347 22.63235
1340 2.520904 -1.6611768
1341 -60.227814 -16.912653
1342 -17.146158 1.9892243
1343 -17.09157 2.0098336
1344 9.642791 -15.455289
1345 -38.386024 -5.1666408
1346 48.35687 48.648247
1347 0.43241948 -0.28862458
1348 -23.796064 8.576993
1349 -10.009845 -23.334246
1350 0.9882464 31.74098
1351 1.130587 31.821829
1352 -59.2501 26.503876
1353 -4.8613634 -8.458128
1354 -42.115475 -57.065052
1355 -38.54019 -4.8942
1356 -20.307459 0.27143732
1357 -20.149647 0.34612393
1358 36.491493 8.580462
1359 36.499966 8.591837
1360 -8.133981 39.09302
1361 -58.50965 0.1765425
1362 -27.055058 -62.216457
1363 2.084052 54.175446
1364 -60.659073 24.114613
1365 27.87278 42.986485
1366 27.877169 42.994907
1367 30.687246 23.441292
1368 30.671268 23.426126
1369 -21.85222 23.964117
1370 -22.900059 -26.003424
1371 -22.747154 -25.945068
1372 -21.547544 -66.4169
1373 -55.244167 -2.4085307
1374 43.76303 -25.511482
1375 -38.241467 2.2747526
1376 -59.886494 23.82538
1377 -24.746859 -48.081352
1378 -21.481993 -25.533997
1379 -49.611996 -24.05637
1380 -49.606308 -24.038816
1381 -6.0230446 9.861105
1382 -6.047728 9.90451
1383 -23.856853 -47.314873
1384 -22.857542 9.837526
1385 -25.692823 -1.0763927
1386 -32.050076 12.78502
1387 13.065398 -41.64699
1388 -60.076565 24.201149
1389 -43.682404 -0.8503178
1390 -83.10806 24.807758
1391 -43.68972 -0.85520905
1392 -59.227825 -17.45202
1393 2.7510302 -3.7821014
1394 -23.049585 -34.29409
1395 27.580015 -20.610664
1396 -5.812957 -23.216328
1397 -8.622742 -19.619003
1398 -0.7936233 8.302763
1399 65.47516 -1.7548047
1400 3.4587321 -12.10276
1401 -59.236023 25.14848
1402 8.015085 -4.014711
1403 -6.1475644 64.598854
1404 -22.295963 -48.428516
1405 -22.43972 -48.351788
1406 -13.357143 35.14586
1407 -20.435577 -25.531134
1408 -24.570494 -48.982323
1409 0.37200016 5.6240654
1410 24.684114 -18.961725
1411 24.592373 -18.816322
1412 -60.2769 25.708296
1413 11.215402 0.711994
1414 -24.435349 -46.845146
1415 -23.102703 -21.619398
1416 -21.975487 -19.960297
1417 43.303673 -25.31754
1418 3.6913424 18.51572
1419 -24.510098 -48.723534
1420 6.102976 -0.33661968
1421 15.096918 -5.289946
1422 -59.43109 24.197449
1423 28.9596 57.99238
1424 -12.808689 18.320967
1425 19.262867 -4.819414
1426 29.437475 12.902079
1427 17.295681 -17.134058
1428 29.332636 12.845847
1429 29.205526 12.773735
1430 -19.344933 51.74255
1431 -8.614861 -15.083244
1432 -61.280437 25.544846
1433 -23.80462 62.81575
1434 15.87686 -43.52377
1435 -0.06751642 35.643772
1436 9.271316 26.64271
1437 7.924351 27.355394
1438 7.194609 29.073648
1439 -22.609898 64.03188
1440 23.702547 20.711304
1441 14.009294 32.702366
1442 -61.381424 -33.72725
1443 34.345856 64.64046
1444 -19.577873 50.509174
1445 -62.691837 26.906172
1446 -18.49169 52.599365
1447 -18.757505 52.326458
1448 11.816025 -5.2031145
1449 -37.450283 -43.217552
1450 4.3354807 -0.91333044
1451 -12.692881 22.280453
1452 -12.684106 21.796268
1453 -19.35433 50.949932
1454 -23.350225 63.75371
1455 -48.216885 -44.46986
1456 -13.001078 50.96011
1457 -12.9980345 50.83121
1458 -62.347794 26.5456
1459 -20.086044 52.008728
1460 -20.45286 52.195408
1461 24.152657 20.055912
1462 4.510075 -28.853764
1463 -8.946909 61.462845
1464 -19.13268 50.90543
1465 -20.387518 -16.574602
1466 34.688316 64.19757
1467 -6.8008294 -44.456474
1468 -47.984234 -44.680473
1469 -39.033825 -14.080858
1470 27.244549 -30.816021
1471 -60.595875 27.083412
1472 -9.2254 21.233582
1473 -19.516623 42.271297
1474 26.0214 -12.369044
1475 25.855576 -12.296303
1476 25.67214 -12.212523
1477 4.0660143 1.603551
1478 15.400143 -44.237057
1479 24.015224 -10.130819
1480 -47.547867 -45.09459
1481 5.138936 -2.0734413
1482 14.983339 26.228998
1483 -58.53657 24.518166
1484 33.043694 -3.2439988
1485 -3.786611 58.48976
1486 -4.0023556 58.90654
1487 14.230466 2.201776
1488 8.254924 7.1774526
1489 -58.118443 -19.8528
1490 -37.449394 -43.218407
1491 -19.658539 -29.037271
1492 -32.07412 12.797197
1493 26.711782 9.845547
1494 -19.758724 41.82405
1495 -58.056194 25.556564
1496 14.043203 32.45306
1497 -18.743103 35.11083
1498 -18.250814 34.477547
1499 -18.331675 34.3355
1500 12.407794 0.22113407
1501 13.610236 -2.6781712
1502 13.251882 30.476517
1503 -19.705181 36.318604
1504 -5.1580257 21.820635
1505 -4.4928756 59.19945
1506 -57.132587 24.420012
1507 -22.684378 19.49259
1508 20.42042 14.422953
1509 -82.6827 27.088017
1510 9.155191 -2.9868221
1511 -31.325258 38.71627
1512 19.875572 36.92311
1513 19.773481 36.387115
1514 13.630832 44.03187
1515 -40.92819 1.7620914
1516 -18.430779 27.716854
1517 4.8915763 -1.3350419
1518 -28.56009 29.743647
1519 73.98898 -5.7078676
1520 -16.155935 -24.227253
1521 -60.237118 23.835833
1522 17.774977 -20.580519
1523 18.100054 -20.721668
1524 -50.7048 -33.188416
1525 40.29223 -20.044998
1526 64.38224 -15.919134
1527 -3.6922147 -24.318914
1528 -7.739203 39.2133
1529 -7.608966 39.389988
1530 -8.7522 7.081925
1531 20.20503 37.273586
1532 21.900408 63.98734
1533 -59.92597 24.785723
1534 -26.52102 2.9748802
1535 27.548204 29.30791
1536 7.8329015 6.8803368
1537 7.8612003 7.0830894
1538 72.9099 6.164545
1539 72.89335 6.1584716
1540 42.871365 58.248905
1541 27.54244 30.214088
1542 15.3153305 -5.222522
1543 19.657877 -7.250835
1544 7.4861445 7.457307
1545 -26.676476 42.51033
1546 -60.142178 23.539904
1547 -18.54502 27.825785
1548 5.916726 -4.754402
1549 32.35003 36.323605
1550 28.389755 -19.378298
1551 -58.13853 -20.256094
1552 4.2421007 -3.8723247
1553 5.0801063 11.270542
1554 19.616726 -7.242553
1555 -11.008692 11.152354
1556 -3.1065164 31.482103
1557 -58.279728 22.429775
1558 42.13491 48.799416
1559 -70.87021 -1.6952028
1560 -57.933624 -20.563726
1561 -11.46671 21.10461
1562 31.688698 65.31003
1563 -30.867752 37.756203
1564 38.516163 -38.667717
1565 6.8276577 45.287437
1566 -61.67098 23.373043
1567 41.647038 36.06245
1568 55.16156 -53.012714
1569 6.6957536 29.565298
1570 6.9970145 29.265753
1571 2.9904604 -29.300348
1572 -32.955875 -26.396313
1573 49.513954 47.437515
1574 -31.11094 37.585766
1575 4.360263 2.7292302
1576 5.433077 26.278202
1577 -21.86319 -8.365527
1578 -0.3041587 -23.864388
1579 47.81354 1.4618635
1580 47.81339 1.4641179
1581 1.3885075 9.887677
1582 15.896138 -41.38144
1583 -49.32736 -2.3415709
1584 -49.332874 -2.3326604
1585 -61.95166 21.566559
1586 23.933952 -7.1032743
1587 8.504092 -2.156885
1588 0.2983095 7.1201696
1589 23.693232 -16.692219
1590 0.63950133 6.388458
1591 35.21729 6.401926
1592 -22.324423 60.913322
1593 -59.375824 21.490112
1594 -37.508957 34.17378
1595 53.769184 12.827189
1596 0.33193025 10.105801
1597 0.9473275 7.879906
1598 0.5096053 9.97614
1599 0.90431 9.745064
1600 6.652778 -22.22654
1601 26.55113 9.95799
1602 50.448055 47.336483
1603 17.54898 30.071953
1604 -60.842594 22.8883
1605 4.846548 19.635881
1606 1.7648904 43.08007
1607 31.024954 -3.475397
1608 50.08885 -12.759153
1609 -22.224718 -8.332012
1610 -22.05757 -8.338085
1611 3.686931 10.63575
1612 40.35446 -29.509153
1613 40.641724 -29.56484
1614 -61.54975 22.055014
1615 -80.33974 24.412663
1616 3.4836946 0.62694395
1617 -11.70895 -11.753421
1618 -8.768728 60.64325
1619 47.139725 -11.788009
1620 40.28351 46.262978
1621 6.148917 70.64847
1622 23.615587 54.331947
1623 47.517914 -10.711075
1624 14.014673 -23.152159
1625 40.507504 -6.4237394
1626 40.72894 -6.7606254
1627 -61.59499 21.968822
1628 -61.873234 -19.220015
1629 11.007616 -3.7829556
1630 -10.168635 14.298609
1631 -4.116577 31.806599
1632 -54.195564 13.425432
1633 -19.564867 9.519496
1634 -44.481922 -45.82593
1635 40.5569 -9.352531
1636 39.794914 -9.324182
1637 -63.52906 20.738293
1638 -15.636938 -30.221468
1639 46.868244 10.799279
1640 55.29687 -53.468586
1641 2.4725513 5.5163274
1642 10.939576 -18.65345
1643 52.09239 9.346424
1644 41.034996 -9.3797245
1645 -24.619417 37.68416
1646 -62.697693 22.655935
1647 40.36508 -11.887687
1648 42.21615 -14.333221
1649 -17.888433 34.55776
1650 41.84707 -14.24392
1651 41.224186 -15.323655
1652 50.14275 -23.33716
1653 34.82558 -11.951255
1654 -23.423532 37.652317
1655 38.134792 -10.009057
1656 -61.794544 18.074627
1657 -61.751854 18.248446
1658 45.08843 38.690197
1659 45.12529 38.68631
1660 -3.8639553 32.654762
1661 50.830547 -23.130941
1662 3.4469101 38.372734
1663 3.1779034 38.15868
1664 2.5822806 37.627144
1665 -33.396755 -4.365884
1666 30.818737 -0.505671
1667 37.711643 -10.402813
1668 37.97766 -10.224854
1669 -63.256786 20.968672
1670 -9.908833 18.754908
1671 -9.888444 18.622736
1672 18.569874 12.37263
1673 18.46039 12.065039
1674 0.318566 -1.4705837
1675 38.81444 -14.008752
1676 -40.60266 22.178968
1677 -18.215693 33.2364
1678 -47.07716 -47.08275
1679 5.6113305 10.149765
1680 -62.69638 23.852922
1681 14.266774 38.624947
1682 14.500301 38.887257
1683 44.522854 38.09433
1684 -18.270447 10.82051
1685 -17.337862 8.499979
1686 41.733074 31.099537
1687 41.42249 30.977692
1688 40.98316 30.808527
1689 40.69635 30.699253
1690 -44.576958 -46.032085
1691 -27.181683 27.830553
1692 -26.650274 27.320118
1693 -64.10162 23.061266
1694 -6.98307 -53.428806
1695 -7.0938406 -51.32142
1696 51.90908 -7.516973
1697 51.79505 -7.7111683
1698 51.7915 -7.8375645
1699 -9.957414 7.1688876
1700 -9.419974 6.775107
1701 27.193977 -34.085106
1702 46.526066 -10.675243
1703 -63.886 24.922804
1704 40.231888 46.517883
1705 43.333065 38.270027
1706 -6.064341 49.89133
1707 -6.065336 49.857662
1708 26.661694 29.703835
1709 -39.47392 24.374914
1710 4.815099 10.950774
1711 -12.700035 -16.369326
1712 46.58206 -10.600073
1713 -30.711224 -53.5624
1714 -6.739369 -17.354498
1715 -7.6236787 15.328128
1716 45.616924 38.644283
1717 -71.98927 8.962438
1718 45.703316 -11.222254
1719 42.590454 37.01333
1720 42.713226 37.15822
1721 43.52011 38.063274
1722 1.9564356 37.61944
1723 -9.624759 6.4527154
1724 46.078102 -10.185927
1725 -25.90242 17.2072
1726 -45.477367 -46.05763
1727 6.415459 72.224236
1728 5.518129 72.502594
1729 -71.90733 9.079828
1730 8.767939 2.0732462
1731 -80.36799 25.034595
1732 45.44139 -46.902393
1733 5.0122514 10.906194
1734 45.93772 -12.643802
1735 -40.25001 27.852047
1736 -40.064827 27.815044
1737 -39.91335 27.864183
1738 65.074936 21.943457
1739 17.245943 29.946487
1740 -72.04426 8.859819
1741 58.958614 -35.69434
1742 -26.346632 27.390303
1743 -25.987583 27.479803
1744 39.29645 -20.40026
1745 -25.701578 15.967356
1746 7.5005727 36.397648
1747 -25.872389 17.873661
1748 -25.898388 17.64656
1749 -46.024643 21.27185
1750 23.857386 26.274578
1751 23.745743 25.853088
1752 -72.537346 8.608112
1753 47.54871 -23.887985
1754 47.46336 -23.842714
1755 28.617332 -23.581347
1756 0.41691256 -13.766487
1757 -39.665234 -14.069419
1758 -18.613653 -17.949837
1759 24.338377 26.642147
1760 -46.072186 21.15557
1761 -7.477172 15.079544
1762 19.899769 31.827837
1763 -71.389206 8.695939
1764 7.500031 36.373737
1765 35.695587 -12.860706
1766 53.331703 16.13271
1767 35.192535 -11.339913
1768 -7.220001 14.626011
1769 -7.0411286 13.912206
1770 58.280212 -12.052983
1771 34.65882 -46.237446
1772 -72.079025 9.614097
1773 3.2339633 19.37424
1774 32.877354 -18.86957
1775 -9.567866 5.4484777
1776 -37.570442 -16.142715
1777 44.591442 39.151196
1778 12.13374 -3.1742542
1779 48.96085 -14.521535
1780 42.721664 -16.121763
1781 -73.94985 -8.1497965
1782 50.24405 -12.329416
1783 34.861576 46.38775
1784 57.95594 -12.301357
1785 58.171936 -12.298935
1786 59.046497 -13.623422
1787 59.27925 -13.9697895
1788 -59.587894 -35.002346
1789 49.591637 -20.628075
1790 50.66531 -20.984877
1791 70.6217 -32.205746
1792 70.63175 -32.209908
1793 36.58786 -19.30734
1794 -14.062975 24.920427
1795 -13.671134 24.731766
1796 -13.631603 24.52003
1797 51.833416 -22.052795
1798 30.511501 -13.072288
1799 53.214214 -15.532554
1800 -29.717905 -23.766846
1801 -44.41384 -7.2375917
1802 -44.3681 -7.256051
1803 -78.759575 -1.0696958
1804 -13.422774 25.066711
1805 18.89272 26.842583
1806 11.384753 22.11375
1807 29.938929 -21.29113
1808 29.745047 -21.329506
1809 53.905537 -16.722815
1810 -15.58938 -33.522636
1811 66.200195 24.759632
1812 -18.130886 -29.841629
1813 -77.49764 0.3847438
1814 14.332283 30.497318
1815 56.09324 -32.714535
1816 -2.50909 -12.043583
1817 -29.385128 -54.88379
1818 43.014706 -19.125156
1819 41.726227 -13.930177
1820 48.985657 -14.588026
1821 65.52167 21.78245
1822 12.226095 -1.1145358
1823 40.05275 -19.007286
1824 38.44575 -35.56583
1825 -77.26639 2.4559817
1826 10.027157 6.88987
1827 1.6512442 37.576912
1828 42.101074 -20.177464
1829 53.361794 -11.267433
1830 53.342987 -11.271973
1831 -9.692039 18.147623
1832 -15.7179985 -33.70121
1833 55.178368 -42.339012
1834 -13.042858 51.476692
1835 47.42602 -17.559906
1836 42.212692 -19.64585
1837 -77.83729 1.3962287
1838 12.434111 -47.04629
1839 38.50134 -38.632687
1840 -84.80797 26.60028
1841 -33.189556 29.88193
1842 -33.191082 29.882347
1843 -3.8389592 -67.96849
1844 46.47625 42.375233
1845 51.171364 -21.39369
1846 33.875095 -11.503253
1847 47.517746 -17.52734
1848 -2.4211621 -44.570076
1849 45.679947 -1.8254105
1850 -78.50349 0.43461707
1851 42.18871 -22.003496
1852 37.140312 -16.075441
1853 41.706623 -19.831135
1854 43.41896 -25.136633
1855 45.026592 -27.53565
1856 45.894676 -26.76928
1857 47.176003 -20.980412
1858 47.04591 -20.957321
1859 45.689926 -1.8210222
1860 -21.326885 -11.231106
1861 43.75104 -21.10083
1862 39.234524 -61.891968
1863 -77.100006 1.4598883
1864 20.66291 -47.94997
1865 52.17235 -21.692635
1866 39.548683 -61.958664
1867 39.388435 -61.91802
1868 44.109158 -37.11105
1869 -41.794098 15.956426
1870 -41.7605 15.991939
1871 37.79053 -18.056812
1872 39.836678 -26.765945
1873 -74.71492 -1.1301197
1874 -44.68137 14.193109
1875 43.367626 -21.562618
1876 63.160686 -37.418728
1877 33.21331 -46.07515
1878 45.06962 -20.763008
1879 53.686592 -23.003736
1880 55.656654 -23.934912
1881 55.64397 -24.210405
1882 7.9181814 -17.952047
1883 53.33182 -22.835253
1884 -29.202513 11.135356
1885 -76.61062 0.87769765
1886 26.39322 -25.05055
1887 21.04265 -45.451054
1888 50.184994 -18.182964
1889 50.231426 -18.138262
1890 14.304991 -29.570234
1891 14.397386 -29.579927
1892 -26.379925 -24.367933
1893 32.26958 -62.10252
1894 32.189365 -62.263355
1895 -79.53101 1.0660893
1896 38.843212 -28.469421
1897 -4.11012 -68.14721
1898 56.055737 -26.653969
1899 22.11467 -8.763457
1900 21.905874 -8.758548
1901 53.546604 -16.069614
1902 53.11169 -16.307987
1903 32.354572 -61.963737
1904 4.0393085 18.59284
1905 55.75863 -24.530695
1906 44.73069 -27.25283
1907 -74.954124 -0.74706477
1908 38.13943 15.31967
1909 -6.8459644 5.6487517
1910 -6.9016204 5.6577096
1911 -11.212443 75.88457
1912 7.8708763 4.216399
1913 12.0582 -19.019327
1914 41.094536 -20.147907
1915 4.075061 18.600946
1916 45.880856 -19.286968
1917 16.754139 -42.981846
1918 -80.7165 3.5284548
1919 -21.909395 8.833019
1920 44.684364 -48.05555
1921 55.594757 -27.695477
1922 17.047113 -3.7997444
1923 12.653035 -19.561054
1924 13.797251 30.14552
1925 3.573594 17.554607
1926 20.529762 0.54400504
1927 35.97997 -22.802746
1928 39.14226 -51.19699
1929 -80.83027 3.6039906
1930 38.915462 -19.147812
1931 41.33852 -48.514526
1932 44.08991 -48.753468
1933 41.17751 -48.416904
1934 41.587185 -20.130705
1935 37.7189 -28.545635
1936 66.82722 -22.393509
1937 66.819 -22.51973
1938 35.39865 -23.019232
1939 -56.837593 -7.903664
1940 -1.9393553 -13.127529
1941 40.98365 -43.950413
1942 42.325947 -37.937798
1943 -71.03214 -1.6146148
1944 42.000954 -32.30802
1945 42.256508 -32.388844
1946 42.467567 -32.451927
1947 43.96864 -24.614378
1948 44.13776 -51.505882
1949 39.692898 -43.849358
1950 3.7309184 -46.57982
1951 3.9754417 -46.623436
1952 4.297217 57.674973
1953 35.266403 -32.023975
1954 35.07969 -31.955063
1955 -81.42342 -0.14503999
1956 3.3169074 56.75945
1957 45.2617 -47.088303
1958 -82.080574 28.400263
1959 48.899048 -42.816105
1960 63.160545 -37.419113
1961 18.355549 -60.228134
1962 40.59966 -21.049713
1963 43.984756 -48.425835
1964 35.58048 -41.08255
1965 48.111645 -42.56344
1966 -23.406326 6.4497037
1967 46.27422 -32.09548
1968 46.108204 -32.085114
1969 -77.091774 -1.9814355
1970 38.328285 -51.46205
1971 38.007553 -51.547756
1972 42.09422 -23.380653
1973 45.11269 -17.646847
1974 44.135937 -19.77693
1975 37.630703 -32.91059
1976 37.541203 -32.8634
1977 46.445606 -32.17939
1978 -55.36264 -8.712413
1979 -46.60088 -28.523586
1980 44.176712 -51.19609
1981 -77.57478 4.1688304
1982 40.751904 -52.082504
1983 -62.7115 -24.13114
1984 11.524894 6.765838
1985 58.01821 -30.222912
1986 57.93513 -29.989492
1987 57.135303 -53.877384
1988 -7.7592335 7.9062996
1989 38.205795 -44.793957
1990 39.129333 -50.857895
1991 -26.376497 -5.702869
1992 48.321186 -43.252037
1993 42.563217 -50.31128
1994 -74.98813 -2.5616894
1995 39.67562 -51.590015
1996 24.365864 25.928638
1997 50.837147 -29.412256
1998 50.193928 -28.518192
1999 29.528734 -30.60253
2000 28.538435 -33.43082
2001 -62.709145 -24.123926
2002 45.89892 -49.07493
2003 48.52671 -42.61028
2004 44.149216 -11.97506
2005 31.98887 -26.844969
2006 -75.75566 0.55135477
2007 0.8898907 -12.639502
2008 39.474796 -25.045856
2009 2.986797 28.967146
2010 22.767525 42.10456
2011 -22.455503 11.06306
2012 57.045406 -27.594141
2013 51.36858 -30.594275
2014 43.00265 -20.092333
2015 -75.20019 0.23137408
2016 -22.43737 39.0633
2017 2.1684744 -33.34372
2018 30.100761 -29.261265
2019 61.294525 -28.759106
2020 60.991512 -28.677805
2021 60.6356 -28.583584
2022 50.89347 -31.193468
2023 50.55701 -31.614399
2024 56.87292 -27.852995
2025 41.512657 -18.606344
2026 -76.54895 -0.0998638
2027 24.29622 -30.556232
2028 26.864967 -37.56273
2029 32.982162 -19.315176
2030 32.96603 -19.154844
2031 17.372635 1.8217859
2032 42.022285 -36.56586
2033 -10.737129 -12.829064
2034 18.17116 -60.162205
2035 28.99637 -44.42106
2036 29.036001 -44.376747
2037 -76.492325 0.48444632
2038 -47.73558 -5.627035
2039 30.76406 -13.095451
2040 31.121117 -13.117612
2041 59.196804 -25.71039
2042 59.008953 -25.877867
2043 27.133314 -32.543427
2044 40.63189 -42.93231
2045 39.97962 -0.02808861
2046 48.313763 -34.89371
2047 -74.55576 0.7705588
2048 2.1716769 -33.371677
2049 9.810418 12.260322
2050 9.781975 12.247314
2051 37.88327 -20.302073
2052 43.306778 -38.02869
2053 30.143744 -51.51964
2054 33.577095 -33.82242
2055 33.452877 -33.695686
2056 32.59941 -7.173673
2057 33.632214 -46.208057
2058 40.0789 -43.614784
2059 -75.82467 0.697177
2060 3.6295922 -46.80321
2061 28.124308 30.798954
2062 -39.263683 -13.78068
2063 16.179396 -4.3055406
2064 35.913376 -13.070824
2065 -24.421854 -47.546173
2066 -24.421534 -47.564014
2067 8.838244 -10.922688
2068 18.163721 -2.1948678
2069 -16.970007 -30.960852
2070 -72.750916 0.26561275
2071 40.701675 -7.037378
2072 19.328335 2.2721472
2073 -78.33428 23.163855
2074 57.62669 -27.684664
2075 58.193634 -27.82684
2076 -5.520202 -23.792185
2077 29.011463 58.167324
2078 49.282505 -38.77502
2079 42.348473 -20.867777
2080 49.25283 -39.449944
2081 49.248627 -39.05593
2082 -5.348596 -1.9742987
2083 56.649162 -27.400984
2084 42.148975 -18.95141
2085 -77.41468 3.7111046
2086 56.075684 -28.68633
2087 26.901083 -37.323208
2088 40.565212 -16.813234
2089 70.83432 -18.500984
2090 -55.399113 -35.709663
2091 12.710699 -59.8127
2092 12.709856 -59.798664
2093 -23.146294 64.326904
2094 37.449196 47.36604
2095 66.20312 25.083805
2096 2.3830347 -10.243368
2097 -76.044174 -1.6270523
2098 6.842807 -9.62102
2099 49.015697 -41.464783
2100 28.520906 -39.431202
2101 28.391478 -39.706516
2102 45.26518 -15.477054
2103 37.989777 -21.772032
2104 64.15351 -17.238104
2105 -12.076601 8.393176
2106 -21.386581 10.159151
2107 -75.85508 -0.41480365
2108 32.39807 -41.671944
2109 19.57356 1.2858443
2110 42.494694 16.109
2111 37.86423 14.483799
2112 41.549854 -19.49015
2113 32.22415 37.545776
2114 51.140594 3.1763186
2115 5.865824 8.720051
2116 -12.220365 8.485387
2117 34.359108 28.37896
2118 33.941875 28.007225
2119 -73.927284 0.13076518
2120 32.17267 -36.668236
2121 0.23160748 15.997725
2122 30.077532 -51.710213
2123 45.518463 -22.347643
2124 34.374126 -28.108744
2125 34.515205 -27.98707
2126 41.500465 -21.027056
2127 49.130024 -41.332355
2128 -12.867423 8.90741
2129 -12.842522 -0.47791752
2130 -3.5139284 32.049324
2131 -78.43526 1.9095948
2132 -23.096035 59.643837
2133 26.406448 -19.490976
2134 32.53486 -28.841494
2135 -6.9574285 11.684387
2136 56.896027 -0.763976
2137 2.5424485 14.615203
2138 10.194339 -11.945516
2139 -18.405428 20.198174
2140 -75.3719 2.3119383
2141 -13.077673 20.088451
2142 0.55849445 5.5350513
2143 -60.34877 -17.110119
2144 50.460857 -12.149653
2145 57.508137 -27.354887
2146 39.38517 -17.776884
2147 40.22107 -43.376194
2148 44.024292 6.862787
2149 13.11575 44.90654
2150 -78.078964 -0.71120954
2151 -16.660324 -52.19983
2152 -16.500479 -51.64579
2153 38.22597 -4.6268873
2154 38.223206 -4.6172633
2155 33.793106 -29.857748
2156 -16.482027 -52.40333
2157 13.424438 44.59083
2158 35.431335 -34.60271
2159 35.535057 -34.69361
2160 -74.56397 2.6343565
2161 32.233086 26.492798
2162 33.12532 27.27353
2163 33.51791 27.622034
2164 -40.92862 1.623753
2165 -38.898464 -8.686621
2166 -38.773445 -8.853753
2167 -38.6425 -8.999932
2168 28.137726 -28.790195
2169 28.2465 -28.90125
2170 46.436996 -4.608924
2171 7.2227035 -0.75115156
2172 16.115137 40.370876
2173 16.078579 40.317287
2174 -75.993706 4.784315
2175 16.011387 17.612612
2176 14.363096 14.510396
2177 14.360097 14.433591
2178 -8.818933 6.2110686
2179 -3.617248 2.963608
2180 42.868595 58.24708
2181 35.295113 17.167152
2182 51.89753 -22.239283
2183 -2.0851557 -9.145611
2184 -28.6686 14.501779
2185 65.930664 -28.040983
2186 -75.514534 3.4716237
2187 -38.961845 1.2887899
2188 -79.77263 25.756319
2189 -54.47705 13.7549715
2190 -55.112297 14.839847
2191 -55.52285 15.498485
2192 -39.15325 -1.7114538
2193 39.55395 -43.11813
2194 -47.67104 -5.9521317
2195 -28.715355 14.526998
2196 -37.88064 12.3787985
2197 24.687738 -48.545628
2198 24.687346 -48.545177
2199 -76.4193 1.404486
2200 39.609623 -21.595531
2201 30.014265 -33.361668
2202 24.276228 -41.23112
2203 24.122366 -41.400047
2204 -55.775707 15.8869095
2205 -26.382912 -36.103016
2206 27.031628 -34.945698
2207 -37.063347 -22.161005
2208 2.5687065 17.465334
2209 25.732395 -28.139795
2210 25.829279 -28.112492
2211 -75.63732 1.7930903
2212 36.239323 -26.191383
2213 39.261486 -22.899252
2214 30.769505 -27.632439
2215 20.655184 73.96744
2216 31.376072 -29.350815
2217 40.16212 47.804913
2218 15.038114 6.322786
2219 -19.032011 5.8079205
2220 40.314358 47.94804
2221 -74.43512 4.1293917
2222 28.883547 29.569473
2223 39.269478 -8.621259
2224 29.448828 -36.32151
2225 21.83666 -12.500755
2226 -11.621142 -48.543194
2227 -14.321373 -50.57989
2228 7.906262 44.43992
2229 32.630493 -29.952023
2230 33.352375 -31.313337
2231 -19.172855 5.870307
2232 -23.150684 59.19625
2233 -22.150799 24.816065
2234 -76.31829 2.9195004
2235 -14.352858 -50.592266
2236 37.596172 -24.36831
2237 37.548325 -24.424757
2238 29.869404 -35.457756
2239 5.905135 17.60358
2240 -25.492107 -28.86471
2241 -23.269562 57.77898
2242 -23.261843 57.872406
2243 -5.0333724 -14.881783
2244 -70.442604 2.711458
2245 48.160736 -8.485351
2246 -73.38214 3.0382998
2247 38.36907 -35.488873
2248 41.791748 -17.429798
2249 29.33175 -35.69866
2250 32.42335 -41.34324
2251 32.473183 -40.775265
2252 32.492634 -40.521896
2253 -25.108694 8.766072
2254 -26.0681 -19.28259
2255 -11.3516655 76.22943
2256 40.984985 -22.163662
2257 -81.27729 -0.11776002
2258 -24.656982 9.362282
2259 31.4885 -26.716026
2260 16.452045 23.519176
2261 28.09943 -34.492645
2262 39.566296 -9.5280285
2263 25.60477 -20.694698
2264 -25.291872 -18.94051
2265 50.9348 -29.304745
2266 49.301468 -27.233887
2267 -75.7261 1.3412395
2268 35.22356 -30.072037
2269 -14.888153 -8.391859
2270 30.78228 -30.358765
2271 24.95201 -22.022001
2272 -54.033043 13.854755
2273 38.1065 18.248322
2274 27.439722 -31.037533
2275 52.07854 -30.788729
2276 52.388515 -30.880724
2277 -75.93322 1.2503908
2278 17.647339 32.89979
2279 -48.016586 -6.089307
2280 25.9806 -22.377235
2281 48.47086 -7.9016266
2282 47.016087 -9.848183
2283 -60.474457 6.331223
2284 -17.155426 -29.885996
2285 -30.374088 -25.171856
2286 -0.9041404 6.7839274
2287 40.661346 -52.925743
2288 -1.246096 -0.6028225
2289 -60.72075 6.1056232
2290 31.767975 -30.80734
2291 31.477848 -30.78713
2292 -19.963715 6.3274403
2293 -23.798452 9.467587
2294 34.102562 -25.501436
2295 32.188465 -31.44068
2296 40.686813 -54.721527
2297 40.698673 -54.463047
2298 40.814674 -52.662876
2299 -34.102287 -30.121897
2300 18.963427 -4.941441
2301 19.014185 -4.83823
2302 -73.45286 -1.3277297
2303 44.031235 6.868242
2304 20.642757 73.96287
2305 -80.60619 27.592648
2306 35.058624 6.8625355
2307 2.4459789 -9.129258
2308 -60.931335 8.978388
2309 -29.829832 11.515335
2310 -7.522519 69.2309
2311 -7.523209 69.24275
2312 -10.965927 76.16607
2313 -61.04833 8.676203
2314 -61.136047 8.702992
2315 -70.61523 2.6622384
2316 30.087782 35.894676
2317 34.0265 -46.381123
2318 -17.437004 -1.1659714
2319 -17.40222 -1.1698014
2320 -30.026724 11.6145525
2321 -16.59851 -61.821236
2322 27.985697 -23.423975
2323 28.008045 -23.587564
2324 5.9560437 30.445843
2325 31.641499 36.34163
2326 -4.5913234 15.899087
2327 -76.96267 0.15750974
2328 69.668 -26.83065
2329 7.9058347 2.8844216
2330 12.772753 29.70851
2331 26.501066 -21.717356
2332 19.65404 31.763565
2333 -21.937735 24.558655
2334 40.138042 -44.282063
2335 48.618565 5.6563964
2336 32.37373 36.622368
2337 43.4508 -36.164055
2338 36.184093 -42.669888
2339 -78.63145 3.2528427
2340 22.152924 -32.925724
2341 22.009064 -32.919575
2342 13.898424 30.904253
2343 -7.884792 -3.2155447
2344 -1.4082087 -12.098904
2345 35.209114 -20.334242
2346 53.10821 -49.73222
2347 -4.0239773 19.672304
2348 23.365852 -57.782856
2349 23.366407 -57.7819
2350 -73.026566 1.5998545
2351 -12.732392 -16.354256
2352 -22.024584 16.31082
2353 43.6555 -17.243483
2354 2.098799 -25.697142
2355 -73.58794 -8.1165495
2356 11.332262 3.3157709
2357 11.2683735 3.2666385
2358 56.505104 -53.795177
2359 -3.9887984 19.835888
2360 19.206263 -54.551327
2361 -8.600922 -9.655236
2362 -74.154144 1.6786394
2363 32.085857 -37.391376
2364 32.093132 -37.69846
2365 18.960278 -54.41804
2366 18.778582 -54.304672
2367 -0.6404505 5.1974225
2368 30.663961 -31.359522
2369 27.284454 6.149255
2370 27.251753 6.3193707
2371 27.310982 6.4843483
2372 11.120371 25.134111
2373 22.671911 9.096684
2374 -21.775063 16.010012
2375 -75.02901 1.4025345
2376 4.3021183 -1.7976886
2377 -60.772095 -16.31253
2378 19.533081 22.339172
2379 19.533047 22.339495
2380 27.906494 -58.366756
2381 27.907001 -58.366272
2382 -6.845118 27.902426
2383 -30.205828 -43.291576
2384 60.74033 -8.160505
2385 49.832634 -27.961977
2386 -76.976234 -0.78289425
2387 16.373405 -23.927284
2388 16.680996 -23.875086
2389 26.05505 -32.957985
2390 27.393793 -33.85543
2391 24.708996 -30.664116
2392 24.458982 -30.617407
2393 -59.412254 7.6609325
2394 -58.976574 6.3560176
2395 60.751366 -8.163179
2396 53.839184 0.7274169
2397 -4.6068797 -45.703293
2398 -76.280045 2.1176682
2399 20.68615 -16.923676
2400 23.723412 26.774618
2401 -31.701982 -25.474783
2402 43.12282 -37.389923
2403 35.06514 -17.319778
2404 40.700706 -18.11646
2405 -21.85924 24.786724
2406 53.839146 0.7269846
2407 -34.085663 -30.110777
2408 52.650486 -34.583565
2409 52.62944 -34.535225
2410 -78.180084 -3.1435769
2411 -8.8741865 24.409822
2412 -5.531719 58.979916
2413 24.142952 -33.845898
2414 24.34989 -33.83636
2415 51.76309 -51.499077
2416 58.01097 42.352325
2417 58.01835 42.34785
2418 4.0344834 73.262924
2419 -22.721771 -31.118996
2420 3.977048 7.6530595
2421 -3.972703 5.6230707
2422 -77.37013 -9.820948
2423 -22.559303 -30.954962
2424 34.502724 -11.890104
2425 -77.33404 27.144402
2426 46.488876 31.48498
2427 46.47656 31.476904
2428 10.267601 -2.525356
2429 7.6926165 1.2165273
2430 20.420427 73.91142
2431 52.36809 -53.347836
2432 21.152124 -12.5287285
2433 4.034418 7.732811
2434 -14.600287 -20.85093
2435 56.905224 -54.400803
2436 -77.02277 -10.940378
2437 11.264119 13.758848
2438 -59.530098 7.9609027
2439 -59.090027 6.8421006
2440 -58.415596 6.8019533
2441 31.215044 -26.604345
2442 59.452244 41.49759
2443 59.5646 41.41116
2444 43.677048 -23.003468
2445 38.309433 -29.15209
2446 -77.3438 24.175562
2447 43.822052 0.78037953
2448 13.219748 10.239077
2449 13.187319 10.212148
2450 -78.995056 -9.187263
2451 53.004677 -50.459473
2452 53.50072 -50.382977
2453 -1.0020325 -47.34171
2454 -0.9867641 -47.34403
2455 56.86262 -54.050507
2456 -3.8786242 20.615177
2457 13.048897 44.402683
2458 1.8282598 3.0601225
2459 43.81425 0.7737067
2460 17.282804 -12.065401
2461 -34.173615 2.0138388
2462 -77.24607 -8.925306
2463 55.35141 -53.15699
2464 55.560974 -52.658405
2465 37.6317 47.55174
2466 20.933437 -19.832214
2467 26.419186 -21.6592
2468 2.4828777 -7.95054
2469 6.026164 -23.659052
2470 19.700014 -11.751966
2471 17.322527 -12.088359
2472 44.03691 6.855694
2473 28.663242 -31.736422
2474 64.17379 -32.595097
2475 -78.73688 -8.414202
2476 52.03662 -55.887596
2477 53.198185 -53.75356
2478 -34.389668 -4.4630294
2479 24.2309 -30.590048
2480 35.27126 -37.21487
2481 35.218597 -37.109818
2482 20.709444 -16.95011
2483 26.724167 -23.260357
2484 -56.38691 -8.099508
2485 34.69904 12.240975
2486 -78.06037 -9.213542
2487 -24.585667 10.048892
2488 32.91451 -23.67151
2489 56.175335 19.137924
2490 32.9645 3.4995186
2491 26.271627 -9.097944
2492 -14.837625 -14.283007
2493 -13.495916 -13.5921545
2494 -18.420345 -35.652416
2495 -38.976013 37.787487
2496 64.54679 16.360855
2497 8.972228 -53.530437
2498 -77.93693 -8.594579
2499 25.20945 6.8335943
2500 66.19653 24.199745
2501 56.166294 19.124952
2502 3.528183 -23.876064
2503 28.637882 -26.758896
2504 63.216625 -0.98817486
2505 63.212288 -1.2001555
2506 -40.101677 39.44173
2507 50.29204 25.544712
2508 -22.484613 12.652977
2509 -78.04057 -7.478365
2510 -16.91542 -13.638054
2511 -19.877504 -56.825294
2512 -18.5203 -32.131912
2513 39.05932 10.748187
2514 39.0409 10.739326
2515 -5.5196266 -31.114843
2516 4.65596 0.41156533
2517 -37.293846 42.21774
2518 42.112957 49.621357
2519 -8.739849 24.256927
2520 -78.01745 -9.759024
2521 34.332626 12.272634
2522 7.491264 13.873104
2523 -14.925461 -16.660814
2524 -13.518443 -13.598969
2525 27.163067 -6.675531
2526 36.469723 32.559143
2527 36.47317 32.591343
2528 42.180317 48.946632
2529 -20.155882 42.545563
2530 3.599362 -28.439404
2531 48.821976 5.7381725
2532 -76.95064 -7.9652815
2533 22.948833 -28.023335
2534 22.739069 -27.930517
2535 -0.10017204 -12.033051
2536 0.45524856 -8.504431
2537 -27.123638 -6.0081797
2538 3.339146 -6.389455
2539 48.30027 5.5361104
2540 51.270634 -51.13303
2541 52.24126 -53.41422
2542 5.265164 -11.1989155
2543 -13.2950115 16.110106
2544 20.566328 73.94548
2545 -73.10443 -14.844957
2546 -7.6615405 -51.064354
2547 -58.673943 0.23646586
2548 32.130127 -35.631264
2549 32.052784 -35.661015
2550 52.378857 -50.295414
2551 -73.05177 -14.885117
2552 -1.7732676 -6.856244
2553 -3.3080535 -14.13431
2554 45.412384 -7.9727936
2555 45.34259 -7.7959805
2556 34.232452 -46.23482
2557 36.784668 24.409136
2558 -79.99917 -8.757811
2559 -11.467041 2.7282262
2560 -11.881606 15.607843
2561 -13.291845 16.102262
2562 21.274725 -12.5562525
2563 27.640482 -33.877567
2564 -7.3066483 -47.33636
2565 38.46282 26.949732
2566 27.212421 -0.054150544
2567 -56.73798 17.249453
2568 -78.18638 -9.152944
2569 20.722412 -16.974577
2570 34.17648 12.638184
2571 18.6371 -28.362967
2572 18.320024 -28.2125
2573 31.618937 -33.97154
2574 -16.561062 -40.808136
2575 58.14943 14.846175
2576 23.11559 -2.8206158
2577 57.653774 12.161028
2578 -3.7575867 9.6524105
2579 -78.91329 -9.617196
2580 0.2118732 5.8033757
2581 58.18114 15.113591
2582 58.22765 15.334597
2583 -21.755363 -59.44154
2584 -21.75708 -59.44412
2585 2.0493927 -4.6075926
2586 40.944225 -19.322872
2587 34.032833 -10.04198
2588 21.353956 4.3943777
2589 -4.396092 3.8008616
2590 -76.42673 -9.532506
2591 57.64865 12.213115
2592 49.025307 14.203464
2593 -19.858206 -56.78913
2594 -16.941765 -50.485966
2595 27.666798 30.086878
2596 -9.442577 -4.055032
2597 -16.969385 -52.41424
2598 -54.578255 13.639948
2599 33.973324 -9.785834
2600 39.05743 -29.133284
2601 32.89079 -23.169767
2602 -80.03067 -9.784637
2603 27.698742 -33.202133
2604 53.318348 -53.894764
2605 64.50948 16.020882
2606 11.366771 5.2420206
2607 11.414323 5.2808533
2608 53.030556 -50.654823
2609 27.609383 -21.954515
2610 -4.9525156 -9.547292
2611 21.590166 74.38815
2612 18.475569 30.651777
2613 -79.38718 -7.5145283
2614 32.59924 32.80282
2615 64.50932 15.86956
2616 10.256147 -7.8165274
2617 43.25836 -37.255676
2618 11.048209 -25.80582
2619 -20.466179 3.3975644
2620 22.391697 73.77421
2621 21.325394 74.11984
2622 -11.994672 -53.43991
2623 35.99221 -42.12406
2624 -9.538463 -7.0311837
2625 -78.16759 -9.282375
2626 -12.252919 21.94953
2627 52.74021 30.508852
2628 37.20612 -29.933687
2629 38.577145 -29.196856
2630 5.5509605 -1.7246945
2631 28.71916 -39.25936
2632 31.188908 -32.579624
2633 36.00485 -42.18642
2634 3.0197334 18.411766
2635 23.682436 -6.931113
2636 -74.50838 -8.29159
2637 43.404194 -47.572372
2638 -24.158552 9.148796
2639 -31.989056 -25.627691
2640 -59.87043 -20.24934
2641 46.548454 -11.019731
2642 31.718552 -30.109394
2643 23.659273 -6.9628844
2644 23.540722 -37.637074
2645 23.224472 -65.24259
2646 -78.624504 -10.812308
2647 26.515137 -20.892216
2648 -7.156015 -54.3866
2649 3.705422 -7.563409
2650 42.240097 -25.57106
2651 -5.0381403 -16.39671
2652 -5.4491267 21.617212
2653 44.06331 -39.11389
2654 43.876556 -38.79617
2655 -0.94988257 -6.2019114
2656 -57.099117 -7.8064423
2657 35.342667 -5.4528365
2658 35.32703 -5.452728
2659 -78.15554 -11.020653
2660 -10.630933 -10.233771
2661 -6.5001035 -10.312558
2662 -79.54196 27.846767
2663 -9.453973 8.079978
2664 -9.132171 9.938947
2665 -9.094004 9.980817
2666 65.4881 -1.7705027
2667 6.77662 72.06723
2668 42.840904 -37.232533
2669 16.929604 15.056691
2670 -37.47779 -27.131445
2671 -10.154649 -23.051516
2672 -42.740517 -8.428341
2673 -79.17655 -10.882155
2674 53.132153 35.214806
2675 53.137352 35.310665
2676 29.828238 -32.177048
2677 34.161976 11.977618
2678 4.554004 -19.817223
2679 28.780655 -35.604065
2680 -23.288057 34.120033
2681 16.88602 15.01467
2682 7.029696 -26.129883
2683 17.99702 -60.115902
2684 -78.74335 -11.599762
2685 -13.390303 9.21701
2686 -55.2851 -8.240006
2687 5.079044 5.23213
2688 40.767357 -0.5812342
2689 4.7646637 -23.65567
2690 1.3392595 70.967865
2691 -28.457806 29.597837
2692 21.367094 4.792791
2693 21.30977 5.0038714
2694 -78.97062 26.544088
2695 -18.37704 20.76586
2696 -18.456923 21.188953
2697 14.303497 8.181186
2698 -27.223944 6.5139155
2699 -42.764755 -22.30138
2700 -42.383846 -22.503569
2701 -42.627613 -22.869545
2702 -8.500659 62.41113
2703 -25.103632 11.10395
2704 64.0137 25.103197
2705 17.399443 -32.815346
2706 -79.53013 24.066298
2707 -41.87778 -27.898441
2708 -42.050034 -28.241594
2709 -42.470383 -28.290398
2710 -56.251263 -10.370526
2711 49.245033 12.689665
2712 49.014053 13.063921
2713 49.08079 14.002562
2714 63.73395 24.748459
2715 64.11401 24.811773
2716 34.31276 -11.942542
2717 -3.2264273 -12.91625
2718 -36.770027 35.010582
2719 -78.554665 27.423534
2720 9.173613 53.042126
2721 -5.3041234 53.32041
2722 -10.145167 14.259225
2723 -49.67922 32.478504
2724 13.200296 -4.231478
2725 -3.7791939 -3.7533689
2726 50.059845 14.325794
2727 14.212862 45.022858
2728 28.236492 46.629147
2729 -80.183304 25.554352
2730 4.6980143 -22.103754
2731 -23.613947 -6.158707
2732 8.671884 -37.98168
2733 15.280506 -2.7107525
2734 5.254786 18.888271
2735 -5.145021 -12.664628
2736 13.559575 24.463854
2737 14.480246 45.17258
2738 27.03322 -35.206627
2739 53.127323 33.235153
2740 -8.287832 -27.76349
2741 -79.75933 25.125935
2742 36.282356 37.495983
2743 12.638438 1.7183707
2744 6.8985243 -56.311596
2745 -5.657916 -4.6180215
2746 -4.7052474 -11.345968
2747 -10.504542 -25.899113
2748 5.903692 -14.454609
2749 53.126812 33.06513
2750 -45.536102 11.994012
2751 -52.366657 0.9910848
2752 -52.365032 0.96826375
2753 -79.983345 26.773653
2754 0.28360546 -9.569084
2755 -40.822723 -38.198193
2756 -40.822453 -38.352283
2757 -40.839172 -38.518597
2758 52.78645 30.607397
2759 52.793976 30.598967
2760 30.14581 2.8545315
2761 -14.551992 -3.3276966
2762 -42.44543 12.740995
2763 -78.15987 25.903673
2764 0.83401716 -15.239084
2765 10.3863735 -55.882965
2766 -2.1186576 -4.909869
2767 23.452703 -37.741135
2768 -22.145039 -37.239105
2769 -22.178589 -37.229942
2770 -30.673119 -54.55355
2771 -12.776827 -58.087757
2772 -12.773297 -58.073475
2773 -78.0589 24.792362
2774 -5.247015 -61.304554
2775 53.481167 -37.77282
2776 -80.47464 26.017414
2777 -13.661261 9.369026
2778 24.11025 48.75903
2779 -32.70684 36.59419
2780 24.06025 48.7904
2781 24.129559 48.748466
2782 12.454429 12.21201
2783 -3.3491955 -18.153807
2784 -6.5393167 -15.487323
2785 -46.563248 -28.501219
2786 1.061482 -29.057375
2787 -79.1315 25.536108
2788 -15.318996 13.716607
2789 -15.951104 13.556756
2790 -16.187014 13.338538
2791 -5.044001 -27.150135
2792 -5.0792227 -27.322378
2793 -5.1093097 -27.46845
2794 2.3752365 69.8573
2795 -33.406265 38.569553
2796 -51.436596 -32.333256
2797 57.130096 -28.621248
2798 0.8451817 21.218733
2799 0.92824006 21.11849
2800 -79.044754 24.757915
2801 39.06293 48.132904
2802 -17.880148 21.054642
2803 5.8310604 13.315628
2804 -20.368092 -43.876423
2805 -20.368114 -43.87637
2806 2.5854232 20.158562
2807 3.7438245 -29.251898
2808 -52.71336 6.8926544
2809 12.146676 -30.161022
2810 -80.22267 29.039415
2811 0.3657916 25.166258
2812 0.564704 25.11638
2813 2.2569203 23.846977
2814 3.3530622 22.768295
2815 3.4977481 21.967932
2816 -56.009663 6.490066
2817 -52.71961 6.8920927
2818 3.7463 -29.291416
2819 66.52042 24.114674
2820 -79.571655 26.136421
2821 -27.9701 -20.070395
2822 -27.971712 -19.868937
2823 2.442134 23.600512
2824 3.1363118 23.007652
2825 -14.059768 2.4614596
2826 -14.058441 2.2976465
2827 4.3098364 -29.717865
2828 -21.876745 -3.233004
2829 -76.7982 25.75105
2830 21.825668 63.759544
2831 -10.074495 -17.054485
2832 -10.07271 -14.749826
2833 -25.643057 -7.5955796
2834 22.868898 19.716618
2835 -57.741062 -36.387848
2836 -57.811626 -35.901142
2837 -57.570423 -35.88387
2838 -25.652485 -29.258825
2839 5.0307674 21.19071
2840 8.225411 -30.351442
2841 8.12706 -30.244255
2842 -78.15244 29.041023
2843 38.54453 -29.67434
2844 23.523525 -37.650295
2845 -38.01932 35.1018
2846 -17.760202 -21.482256
2847 48.160824 49.214237
2848 20.503532 2.2234554
2849 14.184981 -7.0401883
2850 21.216215 -3.989773
2851 -30.012678 -24.980598
2852 48.62764 -7.5725822
2853 6.249571 -8.446379
2854 -21.542524 -66.40479
2855 64.13505 21.076746
2856 9.56395 -9.018927
2857 -28.118576 -19.678097
2858 -34.247597 -52.11639
2859 23.168188 -65.082085
2860 -50.431892 -13.958042
2861 -26.23932 -16.536736
2862 -66.60106 43.270126
2863 -16.25967 13.819564
2864 29.721231 -44.121876
2865 12.484263 12.234373
2866 -1.9665164 -8.747479
2867 -2.0255122 -3.0178595
2868 -4.1933503 -7.646002
2869 -6.767709 -4.2141166
2870 -15.349624 11.938703
2871 0.7934516 4.5743136
2872 -6.497521 -2.6587598
2873 -65.70945 42.84342
2874 -8.417491 -19.281582
2875 2.1051898 71.69675
2876 -30.921448 47.542618
2877 -30.9509 47.59005
2878 -4.040849 -10.603734
2879 -45.349266 13.954897
2880 39.22275 -16.099209
2881 6.5776134 -11.153575
2882 7.7017894 -61.338272
2883 -66.71007 43.446754
2884 -0.60116255 -9.482359
2885 -78.804886 22.029692
2886 -12.770393 -8.37697
2887 -12.973688 -25.276821
2888 -12.36521 -25.78792
2889 -12.161118 -25.838255
2890 -26.381903 -36.10018
2891 7.7104387 -61.349255
2892 -26.145857 8.484106
2893 -41.102043 21.668297
2894 5.1755877 -51.9817
2895 -65.784065 44.13479
2896 37.03759 -15.99464
2897 2.8253613 57.037846
2898 -45.348278 13.984261
2899 3.1735592 -14.715031
2900 27.378368 -1.5010109
2901 -20.946949 -3.7340846
2902 -21.578142 -3.193116
2903 -66.40393 42.30572
2904 -45.4499 12.698297
2905 -45.474545 12.409496
2906 -21.617552 -2.862663
2907 -31.435408 22.235006
2908 15.342805 20.700933
2909 15.335444 20.701414
2910 -20.795256 -3.9719865
2911 -4.6235228 -61.419636
2912 5.7430487 -2.6900754
2913 21.639446 -22.496035
2914 -66.943535 43.72563
2915 -30.998737 37.919674
2916 -20.9771 38.09954
2917 65.41016 24.316362
2918 -15.425726 30.719366
2919 -24.626663 62.70383
2920 -0.053582374 -6.7076206
2921 20.653936 -30.834139
2922 6.8991604 -12.89727
2923 -4.9593067 -61.529934
2924 19.275694 50.45448
2925 -46.013462 14.710542
2926 -66.129524 43.508015
2927 -31.922428 7.753061
2928 -31.775606 7.9297366
2929 -37.5369 7.60337
2930 -18.334276 -8.482518
2931 19.360218 49.573364
2932 19.312819 49.48642
2933 17.972294 51.518463
2934 18.310444 51.19457
2935 -5.0210238 -61.888462
2936 -1.9401851 21.110376
2937 -67.58924 42.73645
2938 -8.03466 62.246346
2939 -4.9991946 59.32806
2940 -5.1916714 59.661724
2941 3.3774548 4.228312
2942 -27.087418 12.075786
2943 -26.984009 11.965058
2944 2.8934972 72.76077
2945 -61.495224 -33.62763
2946 20.156404 45.124012
2947 1.3399303 -9.219633
2948 -66.74839 44.50286
2949 -14.862985 -16.644838
2950 23.296282 -42.54763
2951 23.68836 -41.97727
2952 11.927716 -36.634953
2953 -46.173576 14.930473
2954 -46.570255 15.477264
2955 -46.828136 15.869147
2956 6.3754296 -34.581837
2957 19.53075 49.222347
2958 1.886239 -43.464405
2959 -26.517365 -24.211678
2960 -34.97194 -51.264088
2961 -67.650536 43.999657
2962 -36.94431 6.8095274
2963 70.06586 12.475812
2964 20.095173 44.683193
2965 -30.209753 -25.518421
2966 -1.0751015 -32.32097
2967 -0.92509836 -32.030266
2968 -0.5869297 -32.065487
2969 21.81141 1.2437891
2970 -6.1689897 -6.3431506
2971 2.4312944 16.198477
2972 -66.71688 43.078217
2973 19.983103 -66.48827
2974 2.1840007 18.959435
2975 23.42865 -42.346657
2976 19.948542 -66.488014
2977 -29.808807 0.6484616
2978 -0.6026448 49.33475
2979 22.067636 1.2786906
2980 1.1575555 5.4809093
2981 -30.38057 -48.274223
2982 -67.820465 42.569603
2983 -13.403803 -22.535526
2984 -13.383684 -22.49595
2985 4.344399 -51.5892
2986 4.915183 -52.058952
2987 4.8841286 -52.38293
2988 -1.3289559 49.445618
2989 -4.095448 -19.532368
2990 6.665315 11.349278
2991 57.206646 -26.600328
2992 -37.447563 35.731575
2993 3.5800009 -3.2965436
2994 -60.765656 47.54753
2995 -32.11007 8.591665
2996 -81.27664 25.43527
2997 8.976751 -0.2288666
2998 23.137392 55.72333
2999 23.93709 -52.957363
3000 23.928976 -52.942635
3001 -17.748474 -27.152443
3002 -35.266914 36.197773
3003 -12.323203 -5.4200873
3004 15.867031 61.723255
3005 15.864853 61.711292
3006 -59.339046 48.36659
3007 4.1200657 48.591908
3008 -1.0330938 49.34876
3009 20.114735 36.886604
3010 -36.832188 35.81839
3011 65.22128 -7.165872
3012 65.221565 -7.16614
3013 7.780072 0.081674606
3014 -5.929652 -9.075357
3015 -4.144544 -6.3333783
3016 12.330733 -13.023913
3017 -58.136482 48.413166
3018 28.812868 57.47587
3019 -35.033386 -13.419521
3020 6.2580795 68.85992
3021 -59.692078 -34.907063
3022 -4.0734835 46.1323
3023 -4.0663857 46.139122
3024 -5.314766 53.357914
3025 9.576455 33.85455
3026 -31.432573 -44.518
3027 -0.8314753 49.22442
3028 -34.977062 36.27324
3029 -58.057842 47.51852
3030 -13.009306 31.02044
3031 -12.065268 31.77686
3032 -12.010055 31.82065
3033 -39.122 23.91282
3034 -61.542538 -19.208855
3035 -60.67758 -20.019276
3036 27.934465 52.697163
3037 5.161578 69.649155
3038 40.65905 4.409656
3039 -17.7306 -21.461529
3040 -37.480476 35.522305
3041 -58.98715 48.76326
3042 -10.840026 -1.9856608
3043 34.69217 36.834717
3044 -1.9078734 4.771542
3045 -9.452488 -30.908154
3046 -0.36081612 49.360836
3047 -6.1597385 37.162437
3048 -9.924411 0.1793199
3049 40.67136 4.407813
3050 34.81408 36.78131
3051 35.824856 37.278397
3052 -59.553467 49.623306
3053 -17.713612 -30.732683
3054 -22.853956 -31.24295
3055 -10.016969 -17.03002
3056 3.3547823 -22.660742
3057 26.745808 -22.214312
3058 35.45785 55.968292
3059 35.455837 55.96908
3060 18.037392 19.914309
3061 22.641144 -19.511328
3062 -5.9082003 -11.73895
3063 13.839861 -65.15241
3064 13.837244 -65.13901
3065 -20.809639 43.971592
3066 58.97569 -35.70552
3067 -1.8604892 -14.59101
3068 -1.983174 -14.760119
3069 1.7406732 -14.031596
3070 -30.766926 -49.279446
3071 5.135865 -3.1799986
3072 9.759482 -68.4359
3073 -2.5217133 -9.581165
3074 -59.95414 49.00077
3075 -25.356604 -6.385271
3076 10.431824 -5.0830965
3077 2.5242074 -43.58628
3078 1.9913497 -0.2372748
3079 25.462667 -35.605583
3080 35.466442 55.980644
3081 9.7570505 -68.42392
3082 0.040321875 -4.1967163
3083 5.812793 68.515076
3084 2.107595 62.466183
3085 -59.442005 47.14187
3086 10.113556 -13.83016
3087 2.4359622 72.380135
3088 -28.830225 -2.2945201
3089 7.2950177 44.743713
3090 37.23801 1.9075603
3091 -17.26133 -5.47699
3092 17.062546 -32.711285
3093 16.941973 -32.344677
3094 59.18678 -17.854029
3095 6.881945 -4.9199686
3096 -58.19127 49.216213
3097 37.237675 1.9072835
3098 -37.91026 35.89428
3099 -38.47147 46.768124
3100 12.505524 19.161211
3101 12.517676 19.109863
3102 -14.66227 -0.7071891
3103 -14.778827 -0.80284536
3104 -38.323307 46.82529
3105 64.71329 22.571346
3106 -49.32064 -13.637994
3107 48.080856 -1.9551443
3108 -59.0087 48.772575
3109 -49.02286 -13.565035
3110 34.07424 -12.873574
3111 -81.89258 24.711449
3112 -37.87984 37.66311
3113 5.7062435 33.998966
3114 5.7045336 34.000134
3115 45.343327 -15.385429
3116 -17.64997 -4.943655
3117 -17.525297 -4.8402734
3118 -18.159475 -4.9056673
3119 3.7940998 -10.094516
3120 44.500523 -48.87208
3121 -44.32014 -46.44042
3122 -60.94361 48.979145
3123 -3.657885 0.7318246
3124 -37.454956 -27.117838
3125 2.3665178 12.628734
3126 -2.2741954 -19.735088
3127 2.6302009 57.11302
3128 -30.044687 38.576405
3129 2.8364167 70.44824
3130 -39.076286 23.827896
3131 45.60702 -27.877298
3132 43.35638 -48.76291
3133 -58.824173 47.816498
3134 18.038311 -28.437838
3135 -14.113069 2.1520958
3136 4.915872 18.243122
3137 -38.521954 23.98901
3138 -34.087402 24.028685
3139 -33.826717 23.71768
3140 -33.306046 23.33207
3141 5.711202 0.5847046
3142 34.757736 -55.00891
3143 5.671621 24.347755
3144 -58.964516 49.539185
3145 -23.894602 7.5893903
3146 1.1760762 -18.684418
3147 10.92298 -9.746699
3148 -36.673653 -51.350773
3149 -0.95965016 -11.239989
3150 32.641975 36.690037
3151 0.5508958 -41.930744
3152 15.700633 -42.333015
3153 6.824311 18.448055
3154 -26.473806 -6.4603453
3155 -56.47718 51.134365
3156 16.756554 -38.228203
3157 -13.538946 -65.13707
3158 -33.95289 21.61317
3159 -1.6621172 13.980022
3160 26.13888 -34.001347
3161 14.418185 -14.703019
3162 14.450066 -14.535584
3163 -51.68002 -32.696476
3164 2.9783492 28.932407
3165 28.789091 57.427235
3166 -50.95436 -32.25899
3167 -58.267563 50.105316
3168 -22.01524 38.30482
3169 19.856577 50.982075
3170 -1.8589584 -7.9525023
3171 -38.421898 6.9137897
3172 14.831065 2.5860243
3173 14.642601 2.4653015
3174 74.12436 -5.508091
3175 -40.905453 21.859432
3176 40.663895 -23.716486
3177 -59.17881 50.842392
3178 -0.8771258 48.142643
3179 10.430078 -38.63851
3180 4.124104 48.58328
3181 17.30701 8.012963
3182 17.37928 8.100837
3183 17.501324 8.231415
3184 2.4663403 70.28673
3185 12.093438 64.16847
3186 -1.2556804 -9.213101
3187 56.151367 -19.092531
3188 15.310446 -8.125283
3189 -45.010002 23.298891
3190 -44.532978 23.070705
3191 -44.812656 23.121277
3192 21.368975 -22.485292
3193 -1.3431364 -8.476188
3194 -20.419905 43.39218
3195 5.137942 -36.59521
3196 8.871341 -4.801287
3197 21.898159 63.98881
3198 -14.561694 9.414698
3199 29.287249 -5.892518
3200 30.058065 -6.1702476
3201 -59.91223 48.143185
3202 67.009346 8.208684
3203 67.0 8.19943
3204 14.538146 -14.40048
3205 3.1855426 26.35022
3206 -8.106737 62.643314
3207 27.826809 -4.2507086
3208 28.124832 -4.500264
3209 -12.852181 -36.863613
3210 2.1331213 -12.73371
3211 -58.980785 48.76053
3212 13.789328 30.524212
3213 14.192851 29.235239
3214 14.245792 28.51137
3215 15.494194 30.600307
3216 -12.710087 -36.827816
3217 11.714403 -8.377437
3218 42.758602 11.2795925
3219 42.74358 11.275966
3220 -27.309793 -40.217003
3221 27.226175 1.7024587
3222 -52.2859 -21.01518
3223 -58.052124 45.260254
3224 -58.135815 45.56495
3225 27.18891 2.0247867
3226 19.649595 -39.4291
3227 -82.246925 28.692186
3228 11.686263 30.809454
3229 -10.625475 -66.751144
3230 20.379688 -1.6073202
3231 1.0385413 -10.316482
3232 2.0721157 -43.695988
3233 11.936615 -19.461695
3234 12.129548 -19.082195
3235 12.765261 -18.194666
3236 61.97934 -21.110676
3237 -3.9353032 -8.761146
3238 -15.997136 -38.737015
3239 -58.84175 48.757713
3240 5.3084383 -12.695309
3241 -5.986714 -13.84687
3242 -29.958735 -54.485474
3243 19.810633 0.63893497
3244 -27.83927 -40.618732
3245 6.6042924 10.437809
3246 12.87448 31.408302
3247 -26.82002 22.175583
3248 -48.463326 -20.332493
3249 -7.608288 -24.256735
3250 -60.401093 50.228233
3251 11.94058 28.469515
3252 19.706354 -39.374638
3253 -12.1957655 -67.047226
3254 -12.203779 -67.0458
3255 -13.7641115 -65.01226
3256 -13.966529 -64.89793
3257 4.7305965 -15.868506
3258 5.422898 -39.48687
3259 -0.6969067 -13.098292
3260 -49.74777 43.605312
3261 -49.799553 43.64372
3262 63.08458 -1.3398861
3263 -51.70101 -21.198364
3264 -51.631798 -21.21824
3265 -49.730278 43.59194
3266 12.832875 -16.734636
3267 5.3923464 -39.40478
3268 -2.1788876 17.019264
3269 -57.313316 49.197968
3270 74.657166 -23.394373
3271 74.66733 -23.39726
3272 61.062634 -2.5952945
3273 3.4804516 -13.347753
3274 -8.323598 3.389102
3275 -8.3488655 3.3585722
3276 -0.27092758 18.107988
3277 -29.617924 4.7772636
3278 -29.548203 4.8223867
3279 -56.9451 48.174175
3280 -2.1166608 17.007915
3281 16.306065 53.09886
3282 23.173315 55.64041
3283 37.104343 20.947706
3284 -1.1395307 -31.711956
3285 4.794808 -4.4660783
3286 -3.9251351 -12.084905
3287 -3.28143 -16.728447
3288 -49.51885 55.434113
3289 14.086175 -24.084156
3290 1.3206843 -11.459072
3291 9.44607 -20.940002
3292 9.634824 -3.9512773
3293 32.419754 -7.120855
3294 4.977005 -7.5505157
3295 -30.48578 18.45791
3296 -30.319353 18.340942
3297 -49.669754 54.63348
3298 -2.1964161 9.882202
3299 53.78931 -3.0756261
3300 53.77607 -3.0731401
3301 -28.83457 -13.208982
3302 -34.684563 23.979584
3303 25.01012 2.208514
3304 -30.584059 1.1169584
3305 -30.080706 0.8206268
3306 -50.223873 55.879803
3307 27.942162 17.131786
3308 28.118965 17.613537
3309 27.42661 18.816038
3310 32.970985 20.71151
3311 -30.64118 18.566868
3312 -12.048905 12.549655
3313 -31.235516 1.5385212
3314 27.363274 0.38460696
3315 2.168328 7.1502714
3316 -49.464535 56.48239
3317 -3.2968967 -21.604818
3318 42.41472 21.629
3319 42.1522 22.369081
3320 16.138258 55.398495
3321 73.14944 -14.9622135
3322 73.13799 -14.96067
3323 11.284627 16.20577
3324 -18.704695 -11.31975
3325 33.09918 18.071913
3326 62.217594 3.7367778
3327 -50.288136 55.125336
3328 -55.397053 -2.130138
3329 13.299539 6.8942237
3330 -81.4124 26.97423
3331 -8.354742 -7.9767637
3332 -30.066792 -54.44876
3333 -28.06181 -53.781387
3334 -17.012238 -41.04761
3335 -16.658117 -41.047478
3336 -10.445128 -36.433247
3337 -17.226736 -4.485802
3338 33.109924 18.08465
3339 26.900393 -33.589146
3340 22.71591 9.076045
3341 50.28062 -0.0118731335
3342 3.769408 73.51342
3343 11.864255 -34.57981
3344 41.04496 22.696178
3345 37.10444 20.941206
3346 16.750778 55.79966
3347 -10.592506 6.3866963
3348 46.45497 23.83111
3349 46.45449 23.94689
3350 28.34627 17.636908
3351 58.547276 35.362534
3352 67.18466 -42.286037
3353 -48.79431 54.725826
3354 13.161116 -5.7996674
3355 -2.0556037 -22.862896
3356 0.18066187 -10.987941
3357 68.69559 -39.237003
3358 68.67438 -39.25553
3359 23.504587 20.055784
3360 22.982092 20.534403
3361 -41.146053 1.9058229
3362 21.059414 -45.429394
3363 58.54782 35.362164
3364 -9.838347 2.028895
3365 -49.49504 55.43819
3366 -15.146399 30.592663
3367 -8.473541 -37.906254
3368 1.0771697 -56.51928
3369 -5.847452 0.9081198
3370 10.078869 0.20472279
3371 -18.300459 -7.070897
3372 -0.4837578 0.45110455
3373 21.487183 -11.710997
3374 -26.912338 22.598988
3375 -14.469883 -0.6132357
3376 -1.9170525 -9.275084
3377 -48.914772 55.7903
3378 5.418004 -9.835582
3379 -7.216632 -36.261414
3380 6.1865478 20.967886
3381 -6.8593016 -12.794777
3382 -8.322546 -10.403258
3383 -18.223984 24.567371
3384 9.8643465 -38.15031
3385 10.218703 -38.34508
3386 -33.42356 -39.167576
3387 -33.423702 -39.167164
3388 -56.25543 51.337116
3389 -0.48007149 -25.926609
3390 11.909972 -30.271507
3391 1.3265479 -16.795412
3392 23.39408 32.25459
3393 23.349684 32.313503
3394 14.929248 0.070422806
3395 14.876499 0.054502536
3396 -14.016323 29.012531
3397 -2.6436598 -4.0057206
3398 44.169334 26.47801
3399 -47.98952 56.046883
3400 -3.2419856 -9.478879
3401 -3.937909 -9.723132
3402 45.9406 16.951918
3403 46.08339 16.896467
3404 -28.44752 -41.08246
3405 -10.563843 -5.8908386
3406 -2.4619963 -1.9579784
3407 -34.966084 -50.45531
3408 -50.967037 -14.924322
3409 23.117077 -22.320572
3410 16.862236 -32.99168
3411 2.389033 73.063416
3412 14.120265 17.297224
3413 24.094831 16.606325
3414 20.28527 19.017853
3415 -9.66254 -11.480421
3416 55.16829 -42.32623
3417 42.296238 22.618286
3418 23.766144 18.775845
3419 -50.769093 -14.541184
3420 2.9797297 -17.709988
3421 2.9995735 -17.7708
3422 -47.471874 56.20673
3423 46.43204 23.71557
3424 -16.333157 -4.820178
3425 -16.067276 -10.773312
3426 -14.7223015 13.896143
3427 19.893167 1.061595
3428 18.20614 4.6769633
3429 17.279182 4.747026
3430 16.98096 4.8069415
