1 -0.40358126 1.9228661
2 -1.701883 0.8782904
3 12.49957 -3.2573557
4 -2.1904764 -1.875683
5 0.24375981 7.940226
6 -1.1057289 1.5722629
7 -0.62512845 4.4610286
8 -1.9919573 -1.8349574
9 -1.0715214 2.2062426
10 -2.524114 -2.9116793
11 -1.9042093 -0.34241167
12 14.73701 -1.0377171
13 11.920448 -3.9028826
14 -2.604867 -2.8842883
15 -1.9547489 -2.6483877
16 0.37394342 0.2557157
17 -2.4665756 -2.4291983
18 -2.061562 -0.6678577
19 -1.6149232 2.172778
20 -2.061463 -0.10588578
21 -1.1957504 -1.6080743
22 -2.5574932 -2.8574784
23 -0.8913588 0.76381683
24 14.604808 3.727999
25 -2.7996588 -2.3969116
26 -1.1798394 5.8438272
27 -1.5893775 2.4022589
28 -2.4713008 -1.5710107
29 -2.1349828 -2.5542762
30 -2.2632577 -1.2870693
31 -1.9507315 -0.8916513
32 5.4376926 1.430478
33 -2.3193154 -2.6835077
34 -2.1569839 -2.6418638
35 13.30102 -1.6970499
36 -0.19288948 -1.8850245
37 -1.7933913 -0.9482004
38 -1.7463992 0.3234758
39 -2.2389193 -0.102862544
40 -1.406547 0.0041505825
41 -1.1515214 3.504873
42 -2.1843226 -1.236371
43 -1.8492775 -2.5299394
44 -2.639467 -2.122441
45 14.625231 5.205486
46 -2.168366 -0.054997217
47 -1.7022357 -1.9032346
48 -1.4202459 -0.2299906
49 -1.6638933 -0.7538646
50 2.8618798 10.81712
51 0.37186444 6.159795
52 -2.3941786 -2.268541
53 -2.6292105 -2.0694776
54 1.7237487 13.800721
55 -2.1520152 -0.8363974
56 -1.5600407 -2.185555
57 -0.1410548 2.4527562
58 14.300319 -1.061333
59 0.48661608 0.6151937
60 -0.88699275 3.571999
61 -0.5920056 1.5641966
62 -2.2266076 0.10971614
63 -2.2966902 -2.7567785
64 -2.389267 -2.934628
65 -1.2256149 1.7292348
66 -0.6205835 1.3719914
67 -1.7700868 -1.9292537
68 -1.5469265 2.9201388
69 13.7631855 -1.0672661
70 -1.3797978 -2.4271898
71 -1.7573961 -2.494338
72 -1.3378438 1.6053593
73 -2.4065313 -1.7728162
74 -2.6534324 -1.7373579
75 -1.6949981 -1.7569519
76 -0.52179533 5.2076054
77 -0.4408345 4.106881
78 -0.74140406 -0.28974384
79 -2.493988 -2.8629687
80 12.685831 -2.901652
81 -1.8920906 -0.106701285
82 -2.6584802 -2.1461384
83 -2.1624548 -2.6558895
84 -1.3796331 0.91670555
85 -0.5080998 4.63831
86 1.8082116 9.84805
87 -2.1595306 -0.6888149
88 -1.9390737 1.5765152
89 -1.8259342 -2.0050488
90 13.797946 -2.4838626
91 -2.341235 -2.949298
92 -1.9168168 0.30687577
93 1.2975067 9.19386
94 -1.4685882 0.7747442
95 -1.4843855 -2.2245834
96 -2.0211792 -2.081594
97 -0.8932153 -2.824823
98 -1.9347464 -2.1385899
99 -1.7544374 1.505109
100 13.524932 -0.47943917
101 -1.4137092 1.4943199
102 -2.5698926 -2.424276
103 -2.4305804 -0.82521
104 -0.43082905 5.7264547
105 1.2590318 7.3470035
106 -1.4239128 2.851441
107 -1.6593512 2.142525
108 -2.3296702 -1.001692
109 -2.079501 -1.9278226
110 -2.4706056 -2.864198
111 -2.5601182 -1.9533097
112 -2.598856 -2.8552408
113 12.754105 -2.9383247
114 -2.0811903 -1.5310814
115 -2.0513818 -1.3777982
116 -1.9535863 -1.2841763
117 -2.2671936 -0.75516725
118 -2.6714177 -1.5760871
119 -1.6027535 1.5352007
120 -0.46216395 1.048257
121 -1.383985 -1.6930324
122 -2.180539 -1.187463
123 -1.7538356 1.0338366
124 -1.9787158 -2.1392367
125 -1.8336717 -1.4094827
126 13.751103 0.24512629
127 -2.247663 -0.16532385
128 -1.751109 -2.182524
129 13.153314 1.7260681
130 -2.3859785 -1.642238
131 -2.2173078 -1.0297834
132 -0.8581163 2.3127775
133 -2.2506034 -1.9357544
134 -1.7597601 1.412227
135 -2.1362436 -0.9612319
136 -2.744985 -2.4867308
137 -1.0106285 0.6372431
138 -1.9463215 0.48794332
139 -1.800465 -2.3516238
140 -2.352623 -2.6298041
141 12.8928585 -2.4051886
142 -1.3932376 -1.0492167
143 -2.4784782 -2.7097986
144 -0.98501176 2.0256202
145 -1.4402848 0.7183087
146 -1.3136367 1.238306
147 -1.0781566 3.4303951
148 12.378316 -4.712637
149 -2.3915913 -2.4233224
150 -1.5691515 -2.93052
151 14.33105 -1.8620026
152 -1.767781 0.5708099
153 -2.3633783 -0.97228837
154 -2.2552779 0.3581188
155 -2.3280861 -0.459853
156 -0.9831939 3.585182
157 -1.674419 -1.8161112
158 -2.6211026 -2.5764194
159 -2.3567643 -2.6456437
160 1.6028914 12.887483
161 -1.1727346 -0.36435708
162 -1.1133404 -1.8814791
163 12.99614 -2.4568386
164 -2.2472885 -0.101119496
165 -2.6327283 -2.6569347
166 -2.552941 -0.8534476
167 -1.2102782 -1.79147
168 -1.8143723 -0.88624626
169 -2.58036 -2.5714867
170 -0.016395504 6.162149
171 0.5743066 3.3451061
172 -2.0486348 -0.7098131
173 -1.6903136 0.037918065
174 -2.3382127 -0.98103535
175 14.108496 -0.017202588
176 -1.3338748 1.6833138
177 -2.4017477 -2.6934774
178 -2.5934618 -2.877764
179 -2.7483068 -2.7821991
180 -1.2945449 -2.4662502
181 -0.5854181 -0.67009556
182 -1.9511187 -0.24612176
183 1.3788061 12.17226
184 -1.5033027 2.581562
185 4.6057673 16.883144
186 -0.81491715 0.059752133
187 13.887759 0.7204138
188 -2.7205126 -2.4264467
189 -2.8085687 -2.911441
190 -0.35617882 2.808821
191 -1.2723606 -1.6729344
192 -1.4234111 2.6541219
193 -1.564271 0.66184103
194 14.304121 2.643395
195 -2.280954 -1.0598499
196 -2.625022 -2.4570136
197 1.4018122 0.5561215
198 -1.6652731 2.5939112
199 -2.4058259 -1.7998887
200 -1.0504838 3.3704562
201 4.381652 25.683748
202 -0.3864697 1.1239638
203 12.865542 -2.4884036
204 -2.0924325 0.54275584
205 -2.7732403 -2.7614882
206 -1.2075831 3.6325738
207 1.061866 7.425496
208 -1.785846 -0.894246
209 -2.461242 -2.648151
210 -1.0767661 -2.408943
211 -2.4250062 -2.7101774
212 13.521185 -0.41812274
213 -2.3496768 -1.5416095
214 -1.8396183 -0.12947403
215 -2.1035588 -2.0098681
216 -2.5438783 -2.1022837
217 -2.2049544 -1.9661918
218 -1.8014938 -1.0567153
219 -2.1887326 -2.4268298
220 14.030381 -0.5392559
221 -2.2427204 0.63071793
222 -1.4698962 0.0022608875
223 -2.5932164 -2.8435116
224 -2.7899568 -2.7322376
225 -1.7239122 1.6907651
226 -2.1066678 0.11709446
227 -2.481719 -1.9094219
228 -2.4197438 -1.4870462
229 -1.8658025 -1.9610405
230 -1.5564603 -0.6362003
231 14.148486 -2.2202616
232 5.017581 5.4904337
233 12.922998 -3.478071
234 -1.721141 1.0333729
235 -2.3019366 -1.7680697
236 -1.7517538 -1.8264209
237 -1.3768166 -1.054067
238 -2.3607535 -2.2373343
239 0.60825545 5.821251
240 -0.7586959 -0.5989942
241 -1.5768689 0.29125768
242 12.8639765 -2.1114652
243 -1.8447621 -2.6600661
244 -2.377228 -2.9801092
245 -1.7047086 -0.09787625
246 -1.9456216 -1.125856
247 -2.0253081 -1.3806232
248 -2.6353967 -2.187177
249 -2.3503253 -1.6074305
250 -2.282916 -2.7029643
251 -0.050885774 -0.943918
252 13.704974 -1.003554
253 -1.4630566 -0.022533072
254 -2.468625 -2.6331735
255 -1.4587935 -2.9239273
256 -1.258929 -1.3740803
257 -2.796592 -2.5849483
258 -1.4996431 0.8282911
259 -2.679207 -2.7650452
260 -2.504803 -2.2109358
261 1.0536233 5.69256
262 13.170891 -1.7338916
263 -2.0890477 -1.8173535
264 0.78696823 1.1449614
265 0.35293564 4.858464
266 -1.7164952 -0.4421349
267 -0.57968116 2.6710343
268 -2.1270516 -1.1219796
269 -1.3028089 -0.70820653
270 -1.6152588 1.828568
271 -2.754539 -2.8330982
272 14.554517 0.2367666
273 -1.1623904 4.736648
274 -0.99813056 -0.6676258
275 -2.267554 -2.0795016
276 -0.83921057 -0.26922548
277 -1.7470794 0.09162994
278 -2.688753 -2.248222
279 -2.0664763 -1.9574339
280 -2.1301095 -1.7372617
281 12.970292 -2.2773938
282 -2.55857 -2.6706898
283 -0.50033617 -2.581799
284 -0.8118822 1.859775
285 -0.6805619 3.8140948
286 1.7583376 5.601502
287 -1.6906482 -0.9305324
288 -1.1894976 3.8180103
289 -1.6673241 0.43264464
290 -2.2390378 -2.2813628
291 -2.0494022 -1.0254849
292 13.106677 -0.5307605
293 0.34699768 6.94743
294 -0.5839222 1.5571257
295 1.3730978 10.100656
296 -2.4633434 -0.34874552
297 -1.4425634 -2.9941344
298 -0.97971684 -2.0030067
299 -2.4349976 -1.917241
300 -1.6530285 1.0885197
301 -2.0585258 -1.730619
302 13.777798 -1.944239
303 -2.7991989 -2.8072255
304 -1.1072085 2.8234332
305 -1.892529 -2.6194866
306 -2.1886845 -1.0269653
307 -1.8154598 -2.2643185
308 -2.2631004 -2.2817767
309 -2.309551 -2.2179391
310 -1.9975165 -2.652395
311 13.139152 -2.1326325
312 -1.9826425 -2.2602322
313 -1.6379035 -1.8942542
314 -2.452907 -0.8350536
315 -1.8036933 -0.9057356
316 -1.6999706 0.104118705
317 -1.3581436 -1.7239134
318 -2.6452696 -2.7203097
319 -2.1054974 -2.1304603
320 -1.6679522 0.8716821
321 13.970167 -1.1441103
322 -2.0711844 -1.9741626
323 -2.7539492 -2.5405986
324 -2.422528 -2.3023763
325 0.030762484 0.6900404
326 -1.6027684 -2.934294
327 -0.76830196 -2.0930436
328 -2.480369 -1.7929337
329 -2.639264 -2.277734
330 -0.39121583 4.2979465
331 15.1118555 -1.2629088
332 -2.2822733 -0.9262896
333 -2.6527517 -2.1942875
334 13.103107 -0.35476914
335 -2.7496247 -2.4905007
336 0.3670242 9.83758
337 -2.0557122 -0.61158913
338 -2.1419694 -1.2297604
339 -2.6266282 -2.0413241
340 -2.2471573 -1.7914859
341 -1.7195238 1.9646417
342 -1.5062538 -1.2261642
343 13.098008 -0.88651454
344 -2.3072817 -0.9803925
345 -1.7003702 -2.1715488
346 -0.89837146 -2.195404
347 -2.2427669 -1.5272833
348 -2.6051106 -2.5327408
349 -2.5824165 -2.1091237
350 -2.0432715 -0.17954963
351 -1.8866037 0.29125768
352 -0.7581938 -2.6277192
353 13.476655 -1.2911414
354 -1.8892868 -1.9715796
355 -1.9263167 -2.5012095
356 -1.867744 -2.236929
357 -1.6594384 -1.1773947
358 -1.5799712 -2.153517
359 -1.2055261 2.8158653
360 -2.6159847 -1.7207123
361 -2.6251235 -2.8526292
362 -0.6854376 3.93543
363 -0.12872949 0.028736204
364 -0.70357686 0.2657957
365 12.679526 -2.7392719
366 -0.7289754 -1.708484
367 -2.027646 0.4541773
368 -2.209557 -1.290383
369 -1.988416 -1.7301282
370 -1.6273748 0.17704062
371 -0.6208081 -0.033004448
372 -1.3024933 -3.0166984
373 -1.7167681 -1.323089
374 -0.32629555 -1.1137731
375 0.85167694 0.15469903
376 -2.1027548 -2.1948333
377 12.513917 -3.0105746
378 -1.1064644 0.95197284
379 -1.3025687 -1.5664221
380 0.87920284 9.8323765
381 -2.13768 -0.8039848
382 -2.7331235 -2.6866772
383 -2.7191467 -1.3139992
384 -1.2975221 -2.7366638
385 -0.7039207 5.2167406
386 -0.92838556 0.23920462
387 -1.7116594 -2.2339606
388 13.180872 -1.2128459
389 -1.4454991 -1.3273944
390 -2.472362 0.79101926
391 -2.3974261 -1.5076933
392 -2.3910155 -2.0596595
393 -0.71180964 -0.68930066
394 -2.5432746 -2.1193945
395 -2.2389033 1.1539341
396 -2.1455038 0.28048193
397 1.4543316 5.0666265
398 13.449297 -0.15659966
399 -0.52283645 3.6577911
400 -2.2677333 -1.4344077
401 1.5390445 12.729907
402 -1.7284513 1.4649297
403 -2.0801647 -0.7107943
404 -1.5152897 1.0048063
405 3.3692732 12.754724
406 -1.2360789 1.4111307
407 -0.97929674 1.1410831
408 -1.9971513 -1.805946
409 12.709483 -2.8380387
410 -2.359376 -1.8444463
411 -0.75560576 1.6864368
412 -0.45638582 2.5497086
413 -1.3232358 -1.6338526
414 2.1323912 14.311538
415 -0.2943184 -0.38965195
416 -2.6216526 -2.5742862
417 -2.221197 -1.2207514
418 -1.5782436 2.0227387
419 -2.3143332 -1.4491602
420 -2.0474925 -2.9258714
421 -1.9908813 -2.7749524
422 14.642728 -1.5878965
423 -2.1164215 0.45669782
424 -0.70456624 2.7481997
425 -1.0213639 0.6170092
426 -2.339816 -1.5397809
427 -1.5776644 -2.0142295
428 -2.3907657 -0.8711667
429 -2.136873 -1.005748
430 -2.2007165 -1.0926002
431 -1.6003641 -0.99538714
432 -1.0976417 3.0762331
433 -2.5132012 -2.271313
434 0.5386071 -2.2021801
435 -1.4467577 -2.8601286
436 14.414921 -1.9995074
437 -1.9200951 -1.4619662
438 -1.9918706 0.71144825
439 -1.1166312 0.7344539
440 -1.4074275 -2.7062814
441 -1.7957698 -2.488915
442 -2.5100164 -2.4199574
443 -1.4557993 -0.8781416
444 -0.2881491 8.871836
445 -2.1236556 -2.247991
446 16.85608 8.757156
447 -2.436161 -2.0610955
448 -1.8485031 -1.5775409
449 12.694827 -1.639521
450 -1.342076 -2.1193483
451 -2.3160598 -1.6907395
452 -2.7440078 -2.8701115
453 -1.0592341 0.21253695
454 -2.3031037 -1.9441785
455 -0.9361297 0.43931207
456 -1.9994024 1.5153813
457 -1.5470304 -1.0279186
458 13.86388 -1.9285347
459 -2.304997 -2.8941114
460 -2.39115 -2.727106
461 -1.9983841 -1.0900348
462 1.139489 6.9838223
463 -1.0601728 -2.0335968
464 -2.6812785 -2.6464632
465 -1.2770414 -0.23053527
466 -2.2011697 1.0064868
467 -2.5608528 -2.1531034
468 -2.3788836 -2.3162818
469 12.60924 -3.0206957
470 -0.40562376 3.6656113
471 -0.722853 3.828412
472 -2.2183433 -0.68316483
473 -2.3241942 -2.0224164
474 -0.73879784 2.6888416
475 -1.7550348 -0.07524965
476 -2.5497897 -2.828326
477 -2.0038931 0.40293196
478 -1.4647964 1.4440114
479 -1.9349468 -0.1988037
480 0.55946666 5.0587177
481 14.403346 1.726889
482 -0.12937973 5.6911297
483 -2.3986163 -2.191542
484 -2.3989484 -2.6873846
485 -0.13010947 -0.6194518
486 -1.7475197 -1.1463186
487 -2.1911755 -0.68792117
488 -0.8527213 1.8846321
489 -2.8565068 -2.9957542
490 -1.0741324 0.6606817
491 -2.7809336 -2.854844
492 -1.9870809 -0.54946804
493 12.495 -2.9914882
494 -1.3096817 -0.27939364
495 -0.3191366 10.1027
496 -2.4281387 -0.3088293
497 -1.5203391 0.20281386
498 -0.65449655 4.2670407
499 -0.12116864 5.72964
500 -1.9769745 -1.0895842
501 -0.9746795 1.9815074
502 -2.1274834 -1.2531579
503 -0.672005 6.3156886
504 -2.5240703 -2.3068902
505 13.223327 -2.494488
506 -2.4681163 -1.2636278
507 -0.18163648 5.0060062
508 0.2406233 1.9091976
509 -2.043641 0.56722647
510 -2.4391487 -0.19446447
511 -2.6413808 -2.0609508
512 -2.6479628 -1.1194944
513 -2.3984137 -1.4651986
514 -2.0737445 -2.940028
515 -1.8268989 -3.0418859
516 13.729233 -1.3205066
517 -2.6919725 -1.8751317
518 -2.6316092 -1.8375258
519 -2.0367785 -0.32821563
520 -0.5809336 4.84291
521 0.44415572 6.650827
522 -1.110894 1.7229302
523 -2.775999 -2.8926816
524 -2.6801527 -2.5561926
525 -2.6075892 -2.8236423
526 -1.5318339 0.6635729
527 -2.7681634 -2.4305985
528 -1.5206172 3.8423977
529 12.61692 -2.933941
530 1.4791454 8.260007
531 0.14346026 5.86448
532 -2.4808238 0.6696079
533 -2.5613165 -2.0533814
534 -1.8118979 1.9181504
535 -1.733527 2.6822162
536 -2.6533728 -2.4494655
537 -2.6763306 -2.816628
538 -0.5391499 -0.07649128
539 -2.402662 -1.6466576
540 12.681519 -2.9951482
541 -1.4396812 -2.8149757
542 2.0192463 5.4724107
543 -2.2534547 -0.93370575
544 -2.2780135 -1.9898416
545 -0.437494 1.4294534
546 -2.1386647 -2.0067532
547 -2.6339502 -2.787505
548 -1.6574866 -0.881057
549 0.31302673 7.095392
550 -0.8398754 -1.0771835
551 -2.671428 -2.8177478
552 -1.3297354 0.017778141
553 14.814128 6.537074
554 1.3295821 11.26898
555 -1.8572743 -0.2189738
556 0.07336405 -0.24584077
557 -0.9362806 5.44167
558 -2.38013 -0.6817092
559 -0.6624285 1.0963464
560 0.66967344 4.1543493
561 -2.3431444 1.6477535
562 -1.1355985 -1.8771687
563 1.2224447 3.6282225
564 -1.5185971 -0.109477386
565 -2.346377 -2.2157657
566 13.00536 0.67431235
567 -2.6402345 -1.6685525
568 -2.1293845 -1.1077695
569 12.719421 -2.8847337
570 -2.4574823 -1.6553609
571 -1.963111 -0.8322343
572 -1.7193947 -0.70918936
573 -2.051994 -2.1335502
574 -1.7348735 1.4004098
575 -1.065044 -1.3749218
576 -1.2008168 -0.35564035
577 0.725367 9.043011
578 -2.0650806 -2.191655
579 -2.5133655 -2.7242076
580 13.669814 -1.8386166
581 -0.4054311 2.0973573
582 -2.263275 -0.22855873
583 -2.4528873 -0.62065166
584 -2.522357 -2.4065955
585 -0.92471397 -1.5315168
586 -0.8489581 -0.12177327
587 -2.676329 -2.6473312
588 -1.8299226 -2.2458758
589 -2.217379 -2.900165
590 0.10700267 3.6810505
591 -1.8716859 1.4955224
592 -2.5114248 -2.1021657
593 14.823192 3.6348484
594 -2.4124079 -2.7306182
595 0.9782095 -0.110631794
596 -2.608825 -2.3190472
597 -0.99651533 -1.7423313
598 0.13618897 0.20815133
599 -2.0837092 -2.6041577
600 -2.374349 -1.470183
601 -1.048235 -1.3487822
602 -2.0084789 -2.2292721
603 -1.5463232 -2.444283
604 0.10346333 3.297953
605 -1.8398533 -2.2151656
606 13.454748 -3.2658098
607 -1.6371568 -2.0007603
608 -0.4489948 7.360937
609 -2.4003816 -0.40944552
610 -2.457379 -2.169122
611 -1.0379509 0.41994783
612 1.1753591 10.229958
613 -2.586664 -2.4524946
614 -2.415003 -2.1245277
615 -0.7631324 2.8732526
616 -2.214326 -1.9628627
617 -2.2795136 -0.96451545
618 -2.0819967 0.3302905
619 13.306995 -3.1568034
620 2.189113 2.7059336
621 -2.20466 -2.357659
622 -1.2420498 1.9068981
623 -1.3925344 2.3461607
624 -2.5201104 -1.4839302
625 -2.2390442 -1.4075018
626 -0.64517546 -2.7427485
627 -1.4712826 0.9877404
628 -2.4266887 -0.5975971
629 13.115059 -3.1040902
630 -1.4021186 2.6997757
631 -0.889045 6.152484
632 1.6308284 11.178454
633 -1.9095938 -0.18892956
634 -2.218133 -1.2911965
635 -2.0109763 -1.800188
636 -2.4957292 -2.1263885
637 -2.7200346 -2.4245033
638 -1.6917871 0.41475436
639 -1.7143073 -1.3398964
640 -0.9241816 -2.0139077
641 -2.0990794 -1.6258233
642 13.411581 -2.5604932
643 -2.6302667 -2.2457328
644 -1.3599218 -1.1688814
645 -1.0423279 5.4922857
646 -1.8495443 0.4108139
647 -1.4072726 2.5623548
648 -2.5550015 -1.9607545
649 -2.5677962 -1.8317764
650 -1.5378753 1.8733455
651 13.152371 -3.480917
652 -2.5606122 -1.4736497
653 -0.5159256 3.2578075
654 -2.6478436 -2.396165
655 -1.566153 -0.66990125
656 -2.0625582 1.5092518
657 -0.9258423 4.3354025
658 -2.8458753 -2.7930286
659 -2.6153235 -2.0425818
660 -1.8490869 -2.7586675
661 -2.095188 -2.7802625
662 13.707726 -0.20286632
663 -2.574376 -2.7252302
664 -2.7015026 -2.7282636
665 1.1697891 4.8643584
666 -0.92949146 3.5789704
667 -1.5687816 0.5151678
668 -0.42368874 0.4921171
669 -2.1931372 1.0695282
670 -0.341905 0.013537066
671 -0.7009323 2.0637171
672 -1.844333 -2.5928614
673 0.2842111 6.7548857
674 14.963451 0.87172544
675 -1.973809 2.048099
676 -2.2901876 -0.5619867
677 -2.8256452 -2.836018
678 -2.298585 -2.7607098
679 -1.0251843 4.443679
680 -2.144444 -0.51937324
681 -2.6732137 -1.5739229
682 -2.793709 -2.276922
683 -0.8497393 -0.7561689
684 -1.7063881 -2.557642
685 14.7646475 -2.2648785
686 -2.5492125 -1.7586329
687 11.956205 -3.9948719
688 0.49410748 2.8156672
689 -2.6043339 -2.6817431
690 -2.299538 -2.3244026
691 -2.2112138 -2.122314
692 -2.2911441 -2.5850623
693 -2.155329 -1.7520119
694 -2.2077549 -2.0391803
695 -2.3214076 -2.3441453
696 -0.81546664 2.642094
697 1.3794968 8.920764
698 0.20395105 -0.89088744
699 15.330201 -0.25961316
700 0.1732484 -1.4187042
701 -2.5290692 -2.7304776
702 -2.262346 -2.8035648
703 -1.8293488 -2.3142095
704 -1.7163365 -2.6011677
705 -0.66967964 -2.5724368
706 2.3616126 11.482824
707 -1.4144915 -0.3903661
708 -2.5425005 -1.6790807
709 -2.33877 -0.28377265
710 14.564929 -1.6884977
711 -1.9160671 -2.710704
712 -1.9571826 -1.5205685
713 -1.740668 -1.2619702
714 1.9734372 12.147229
715 -2.4689274 -2.3406096
716 -2.477711 -2.4609795
717 -1.1353945 -0.31510743
718 -1.9593965 -0.4337208
719 1.3059696 6.9043393
720 -0.9858917 6.1006866
721 13.747877 -0.31540996
722 -1.7497344 0.06574903
723 -1.6808273 1.498264
724 -0.17234838 6.447088
725 -2.3743286 -1.4301672
726 -2.7934477 -2.7973442
727 -1.6267766 -0.77159345
728 -2.1077447 -2.1261983
729 -0.69751334 -1.9531041
730 -2.5457444 -1.9835181
731 -2.312376 -2.4679668
732 -2.3844686 -2.4565413
733 12.987237 -3.5773454
734 -1.061094 1.0755899
735 -1.5099732 -0.80637395
736 -1.6578676 -1.6066341
737 -2.5817714 -2.7378337
738 -2.2815852 -0.88115245
739 0.073389314 4.6161985
740 -2.2056766 0.7554812
741 -2.435487 -0.6937918
742 -2.3789036 -1.549656
743 -2.3168762 -1.9641303
744 13.732753 -2.0688608
745 -1.8575416 -2.608024
746 -2.1999178 -2.637192
747 -2.0704396 -0.89032394
748 -1.4039186 -0.45836577
749 -2.5582705 -2.185148
750 -0.092005976 7.137828
751 -2.3318853 -1.0386579
752 -2.303556 -2.1863754
753 -1.3832318 4.2733827
754 -2.4095485 -2.0816789
755 1.2399756 0.2083329
756 14.43937 -3.5880618
757 -2.3163 -1.4557928
758 -2.354781 -1.8766023
759 -0.019170588 6.3682704
760 -1.3915693 -0.3718161
761 -0.2543963 3.4411516
762 -2.229976 -1.0769098
763 1.0385456 10.036601
764 -2.1713333 -1.9169152
765 -1.4586247 -1.0467846
766 -2.5591524 -2.30973
767 12.912896 -3.3022828
768 -1.3674442 0.03721018
769 -1.6578859 -0.9761992
770 -2.6838584 -2.962526
771 0.9961682 -0.47170332
772 -1.3326043 3.6917276
773 -2.0290453 0.40618327
774 -1.9969543 -1.5661004
775 -0.32310033 -1.4024365
776 -2.537988 -2.607128
777 0.09000482 -1.3348999
778 14.653357 -3.8767257
779 -1.5854318 2.41019
780 -2.5469453 -0.993571
781 -2.1252153 -2.3090446
782 -1.0941876 2.8299737
783 -1.6026582 3.074634
784 -0.1447967 1.4026785
785 -0.10600469 -2.3930428
786 -2.647433 -2.8738337
787 -2.6796217 -2.0882692
788 -1.3121184 1.2983032
789 -0.8986096 -2.1833014
790 -2.4100294 -1.3334482
791 0.5071293 5.9132733
792 13.101632 -3.857186
793 -2.3877602 -2.4315243
794 -0.74235153 -2.905757
795 -1.928017 -3.0346806
796 -1.9034365 -3.0258486
797 -2.3134131 -2.7430084
798 -2.0574977 -2.64598
799 -2.401905 -2.7666106
800 -1.9881924 1.3460487
801 12.56163 -4.9706087
802 -2.471938 -2.4368014
803 0.18479954 -0.056153826
804 15.473333 3.5864918
805 0.8395745 -1.0792576
806 -0.17165978 -1.6586099
807 -2.6042676 -2.8447242
808 -2.3607943 -2.7648308
809 -1.3417214 -2.601325
810 -1.6859587 1.4219785
811 -2.4211066 -0.9259125
812 -0.97214997 2.0621488
813 -2.5260472 -2.2525592
814 12.99007 -4.890636
815 -2.7820399 -2.7095973
816 -2.3710916 -0.76635516
817 -2.1068144 0.18419693
818 -2.4371736 -1.7259983
819 -2.428275 -2.2026992
820 -1.647251 -1.1281319
821 -0.8647452 5.07154
822 -0.80006105 -1.5419883
823 -2.0025413 -1.240467
824 -1.8035016 0.1884876
825 13.214486 -4.7743835
826 -2.5291588 -1.3246566
827 -2.353068 -1.7665285
828 -0.5377243 2.6635284
829 -1.5950712 -0.01250857
830 -2.3882923 -1.9636556
831 -1.5209665 0.5205598
832 -2.2149162 -0.4129999
833 -2.037528 -3.141866
834 -1.473706 0.16262835
835 13.234668 -1.882095
836 -1.2051098 -0.07521077
837 0.27620903 0.43020588
838 -2.3455713 -2.0118065
839 -2.4447916 -2.738822
840 -2.0532312 -1.7321905
841 -1.9743834 -2.2776701
842 -0.36018938 -1.3737092
843 -2.3758776 -2.7077856
844 -1.9378552 -2.6751816
845 -2.1730978 -0.8719458
846 -0.14282136 4.334747
847 13.467115 -2.5489676
848 -1.179278 -1.7042542
849 -2.335259 -2.509635
850 -0.47664404 1.5955033
851 -2.493765 -2.1029444
852 -2.7531512 -2.7100766
853 -2.5256875 -2.0277183
854 -0.3894323 -1.721907
855 -0.4083954 0.11451645
856 -0.86030716 -1.9638665
857 -2.019779 -1.7344798
858 13.134954 -4.3562813
859 -1.6469567 -2.0875514
860 -2.0299854 -2.9755802
861 3.690671 12.255733
862 -1.7223539 -1.0940125
863 -2.175845 -1.3429233
864 1.33714 10.314164
865 -2.0890756 -1.2044419
866 -2.3431206 -0.2845067
867 -1.8311876 2.3110821
868 13.210429 -2.1956584
869 -1.7910639 -2.0696688
870 -2.1024578 -2.4717724
871 -0.4782824 -2.4429624
872 -1.6565361 -3.0706117
873 -1.4301937 -0.82606936
874 -1.8213208 -0.77192163
875 0.34653488 1.8542567
876 -0.88077205 4.3507843
877 -1.9528602 1.7159148
878 -2.0220232 -0.5980292
879 -2.5166337 0.004813937
880 15.831815 4.8471518
881 -0.96610117 -0.20902015
882 -2.7933578 -2.7939885
883 -1.5115618 -2.5432982
884 -1.9348865 -1.1131629
885 -2.2763193 -1.9772066
886 -1.719167 1.75982
887 -1.9096417 0.6008861
888 -2.5902355 -2.3736167
889 -2.3583224 -2.5930164
890 13.455698 -2.8305254
891 -2.424115 -2.7147207
892 -2.1976745 -0.04513455
893 1.3420978 12.237773
894 -1.6956522 -0.31997275
895 -1.7173498 0.80842286
896 -1.7025851 3.223343
897 -2.0358884 1.2888983
898 0.28142634 3.8576477
899 -1.1499379 -1.4521582
900 1.3648639 10.30827
901 -0.33171818 -0.3030641
902 13.459002 -0.88298804
903 -2.6188402 -2.725058
904 -2.5642018 -1.7858175
905 -2.298524 -2.4771316
906 -2.4737363 -2.8059258
907 -2.8883455 -2.6576798
908 -1.5649198 1.2926259
909 -1.7416302 -0.10849988
910 -1.5263497 2.233431
911 -1.357762 -0.23485748
912 -2.200013 -2.3862836
913 13.064682 -4.883129
914 -1.5847552 -0.2917104
915 -2.8118265 -2.6282644
916 12.393931 -4.5505686
917 -1.5649931 -1.0554965
918 -1.0579349 -0.6788481
919 -1.8121476 0.96976
920 -2.586023 -1.8382835
921 -2.6522012 -2.101853
922 -2.2490005 -0.6353785
923 -2.589526 -1.9867125
924 -0.70954967 1.7765757
925 -0.95995176 -1.7008498
926 0.80054474 7.795149
927 13.388001 -2.731753
928 -2.625603 -1.3938255
929 -2.363243 -1.8665799
930 -1.188674 6.69531
931 -0.06544483 5.445895
932 -2.2712033 -0.8812239
933 1.5339786 2.2137475
934 -1.8275149 -0.98880833
935 -1.7432258 -0.5093003
936 -2.1280205 -0.033445355
937 14.293286 -1.2584771
938 -0.75766444 -2.2433164
939 -0.14849398 5.303482
940 -0.8811864 -0.8383489
941 -2.373682 -2.072912
942 -0.50135314 2.577719
943 -2.5625205 -1.3449007
944 -1.3934251 -0.8152077
945 -1.8036978 0.47563833
946 14.302926 -4.8749003
947 0.106322065 5.652057
948 -1.6636475 0.1489373
949 -2.555218 -2.1212213
950 -1.1875223 0.7047574
951 -2.0826545 -1.0010095
952 -1.4922138 4.2793903
953 -2.6567695 -1.768349
954 -2.604241 -2.6359665
955 -2.2892444 -1.3361871
956 -2.3260107 -0.92427903
957 14.207956 -4.1641655
958 -1.4511263 3.3231232
959 0.07290041 1.9101933
960 0.48330328 3.540839
961 -1.0423758 1.146543
962 -0.9758735 0.23482196
963 -0.22358468 -2.342852
964 -0.65804374 -2.003965
965 -2.2610242 -2.6404471
966 -0.6229624 1.9740354
967 -2.7851722 -2.678179
968 -1.0267245 -1.7750759
969 -1.6866174 0.10194905
970 14.552429 3.120732
971 -2.4880333 -0.18605708
972 -2.4861922 -2.1069791
973 -0.024053127 0.8574405
974 -2.1090982 -1.8885156
975 -0.6989956 -1.1851187
976 -2.2750223 -2.8091402
977 -2.1812215 -0.82675344
978 -1.3055786 -2.0632124
979 -2.303847 -1.0556823
980 14.1037655 -1.9441371
981 -2.325384 0.8088159
982 -2.1963716 -1.1092633
983 -2.1597404 -2.6919022
984 -1.1382369 3.9463549
985 -0.9129178 2.4715934
986 -2.5035112 -1.1343167
987 -2.7024043 -2.0298529
988 0.33913434 4.257043
989 -1.9324485 0.328975
990 -0.4275662 3.7930875
991 13.25012 -1.5666724
992 -2.1727698 -1.4915526
993 -2.728456 -2.5905995
994 -1.1914381 3.1384194
995 -0.6928324 -1.3455135
996 1.4347813 7.5531855
997 -1.7887543 0.02222309
998 -1.7205249 1.4930303
999 -1.0437685 5.6993303
1000 -2.2145133 0.03869052
1001 -1.5167991 1.9652518
1002 14.541788 1.0803334
1003 -1.956199 0.5055013
1004 -2.6192858 -1.6167934
1005 -2.3521485 -0.8794187
1006 -1.6611961 2.2729166
1007 0.6183383 6.415351
1008 -0.30007935 6.970976
1009 -2.402301 -0.83353
1010 1.7497393 2.2878585
1011 -0.6578008 1.5175953
1012 13.693046 -3.1976326
1013 -2.3228743 0.13427524
1014 -2.5478609 -1.6085777
1015 1.0827631 8.53501
1016 -2.0938866 -0.39641038
1017 -0.52868724 3.8256087
1018 -2.8053896 -2.5208404
1019 -2.3725526 -1.5807024
1020 -1.6937503 -2.3388455
1021 -2.0473669 0.9350938
1022 0.78477794 8.594733
1023 -2.1268504 0.40131903
1024 12.902746 -4.439779
1025 -1.7254112 -0.77693623
1026 -0.8775801 3.5792205
1027 11.795136 -4.571473
1028 -2.000656 -0.023511585
1029 -2.060193 -1.728595
1030 -1.7968129 0.74113846
1031 -2.1398177 -0.35739896
1032 -1.9797215 -2.0229142
1033 -1.5795603 -0.9139139
1034 -0.5429342 5.2989855
1035 -2.2130973 -2.694571
1036 -2.2760808 -2.525483
1037 15.057372 -1.1379104
1038 -1.7444199 -0.83287776
1039 -0.8924534 2.0832832
1040 -0.48074526 5.348425
1041 -2.3086095 -0.9510442
1042 -2.5007212 -2.6061502
1043 -1.6741818 1.3480805
1044 -2.1594563 0.038718883
1045 -2.1424599 -1.7358149
1046 -1.4766054 0.0791216
1047 -2.0527794 -0.054918498
1048 -2.3922906 -0.68089
1049 -1.9599612 -0.12523878
1050 13.479091 -3.3754253
1051 -1.3774195 1.4184716
1052 -2.6184645 -1.4512764
1053 -0.84069806 3.6925902
1054 -1.4323615 -1.2118582
1055 -0.5180542 0.7430722
1056 -0.8935741 -0.8519354
1057 -1.97054 -1.26286
1058 -1.1495596 -0.49004826
1059 -2.7361984 -2.3149493
1060 -2.480462 -0.5434383
1061 13.075306 -4.263749
1062 -2.5045242 -2.4717762
1063 -0.9031436 1.8169721
1064 -2.7923844 -2.7807872
1065 -2.6295702 -1.5680358
1066 -2.2655458 0.38457385
1067 -2.5683565 -0.89506507
1068 -2.1593087 1.1267414
1069 -2.1340275 -1.1292107
1070 -1.6016548 -0.83863306
1071 -2.732008 -2.4465942
1072 -0.99758446 4.0859766
1073 13.355052 -3.4125397
1074 -1.5287371 -0.1482831
1075 -1.7548488 0.4794389
1076 -1.5659662 0.42520213
1077 -2.0033944 -0.21013495
1078 -0.22808206 1.5631775
1079 -2.0749068 -1.825116
1080 -1.1769027 6.469943
1081 -2.4706304 -0.38263306
1082 -0.7697312 2.7626476
1083 -2.1207852 -1.3766279
1084 -1.3242666 -1.2036743
1085 13.886571 -4.0188956
1086 -0.7440641 2.0543208
1087 0.011987516 0.32304925
1088 -1.8214592 -1.605945
1089 -2.0799272 -0.71523213
1090 -1.542747 0.72456646
1091 -2.0731647 -0.7394215
1092 -1.7774726 -0.8327008
1093 -1.9406847 -1.1498278
1094 -2.7332826 -2.381882
1095 -1.4167694 -2.3810563
1096 16.599989 -2.8524745
1097 -2.7406652 -2.6667316
1098 -1.8145599 -1.358537
1099 -0.8543246 -0.75175107
1100 -1.7442716 -2.517454
1101 -0.8736622 3.4292607
1102 -0.28371707 6.252739
1103 -2.2998784 -1.2040894
1104 -2.0209284 0.22744247
1105 0.5201707 8.612272
1106 -1.5764078 -1.3293755
1107 -2.5010865 -1.1316301
1108 -2.495382 -2.2716174
1109 12.955148 -3.9670637
1110 -2.5153651 -1.4981993
1111 -2.3274486 -0.3788136
1112 -2.4213948 -1.4435282
1113 -1.743655 -2.4847212
1114 -2.5773714 -2.1226525
1115 -2.6686897 -2.2702267
1116 -2.3925068 -0.16687573
1117 -2.2950373 -0.7679691
1118 -1.9091084 0.8886549
1119 -0.35223737 1.8657476
1120 1.6097605 4.275514
1121 13.131678 -3.6039045
1122 -0.6678929 3.5732477
1123 -1.2903844 1.3485042
1124 -1.8438994 -1.4552549
1125 -2.0249786 1.2752411
1126 -1.2551035 1.8525271
1127 0.09335407 4.7683506
1128 -1.7228189 1.4120481
1129 -1.1880219 6.0096765
1130 -0.8717296 -1.8594527
1131 -2.466456 -1.2639437
1132 -0.700323 -1.0178479
1133 13.495565 -1.968031
1134 -1.1031616 0.041059755
1135 -2.1304784 1.7239347
1136 -0.94914305 -2.1440117
1137 -0.3845015 -1.9177303
1138 -1.377145 -0.85425854
1139 -1.1901988 1.6590592
1140 -2.6361988 -2.6861174
1141 -1.9724352 1.6856562
1142 -2.7077155 -1.2885212
1143 13.224371 -2.329456
1144 -2.503089 -2.789388
1145 -2.5631447 -2.2459023
1146 11.742678 -4.5647154
1147 -2.1549883 -0.5251467
1148 -0.69525063 3.8106627
1149 -0.3476211 4.4070315
1150 4.8326974 27.945457
1151 -2.2688525 -2.7502775
1152 -1.301609 -1.530113
1153 -2.1423874 0.30426493
1154 0.3147641 2.7180707
1155 -1.5183389 -1.335266
1156 -2.663224 -2.0168154
1157 14.552206 -0.48029953
1158 -1.7935158 -2.1437364
1159 -1.5488523 -1.0023394
1160 -2.4522042 -2.302675
1161 -1.4747653 0.5755117
1162 -2.1648428 -0.10245552
1163 -1.5422103 1.2282108
1164 -0.82308334 4.4911237
1165 -1.0808605 0.11271906
1166 3.4742134 11.279556
1167 -2.0459378 0.43083936
1168 -1.7811271 0.6917962
1169 -1.8214221 1.1817073
1170 13.191363 -4.260582
1171 -0.21623355 3.2215395
1172 -1.8555242 -1.921019
1173 -2.644056 -2.5022607
1174 -2.5294158 -0.5620155
1175 -1.8717264 -0.43025175
1176 -2.8167584 -2.4505887
1177 0.09500147 6.910687
1178 0.3524126 8.291851
1179 -0.74689627 4.1226406
1180 -0.5488493 1.896564
1181 1.9134085 10.939993
1182 14.310633 -4.0526986
1183 -2.1717505 -2.1037502
1184 -1.9818976 0.985736
1185 -2.6190073 -1.4859078
1186 -0.6653523 5.238628
1187 -2.7112706 -2.4344223
1188 -2.6986156 -1.078213
1189 -2.6407363 -1.8271195
1190 -1.0327456 2.0264442
1191 -2.1467593 -0.48327792
1192 -0.5177924 1.9386551
1193 -2.36372 -0.3216617
1194 -2.2197678 0.35065025
1195 13.391532 -4.1509237
1196 -2.388673 -2.2098167
1197 8.236781 28.278507
1198 -1.9935076 -0.19162685
1199 -2.0652995 -1.6489742
1200 -0.89123964 -0.46734738
1201 -1.2009181 2.0070767
1202 -0.24097173 6.429109
1203 -0.5411917 6.0293994
1204 -2.458147 -1.7743062
1205 -2.5720208 -2.4613583
1206 -0.18970537 6.859865
1207 14.221753 0.24042945
1208 -1.2568622 1.2953858
1209 0.6028445 11.690558
1210 -1.7947613 -0.36198312
1211 -1.0478384 4.586493
1212 -1.1422998 4.076044
1213 -1.6198498 -2.5677273
1214 -2.382082 -2.1711032
1215 0.44340035 3.560104
1216 -0.027223688 2.5088234
1217 -2.454483 -0.3691655
1218 -2.3991518 -0.8453832
1219 13.260584 -3.667612
1220 -2.7315862 -2.0532088
1221 -1.5619868 2.8448215
1222 -0.4274737 9.283061
1223 -1.7723956 3.163565
1224 -2.2695298 0.40691778
1225 -1.7288336 2.753217
1226 -1.1174916 0.09402022
1227 -1.4488983 0.673134
1228 -1.1302803 5.900873
1229 13.24475 -3.5724483
1230 -2.3397436 -0.5472457
1231 -2.7137043 -1.9476595
1232 -2.4017735 -0.8039648
1233 -0.12150529 -1.5270133
1234 2.3141146 18.88944
1235 -1.867723 0.99037814
1236 -2.5021355 -1.1978632
1237 -2.448433 -1.8863537
1238 -1.5486373 -1.4191986
1239 -1.0247226 -2.5720785
1240 -0.26669416 4.9338474
1241 14.360823 -2.1987474
1242 -2.0032327 1.2887026
1243 -2.636765 -1.3033001
1244 -1.4284464 3.2839363
1245 -1.6761832 1.4050595
1246 -1.001432 6.092844
1247 -2.7922037 -2.814454
1248 -1.9451677 -0.023209987
1249 -1.9038886 -0.4577621
1250 -2.2710361 -2.4655223
1251 -2.270518 -0.8589262
1252 18.425379 10.797301
1253 -2.3899775 -0.21263735
1254 -2.2193465 0.5300702
1255 -2.6315172 -1.525775
1256 -2.3712132 -0.45352048
1257 -0.7735529 9.857625
1258 -2.7177024 -1.3884547
1259 -0.7050998 3.8634405
1260 -2.022315 1.7520266
1261 0.42168826 8.354029
1262 0.33041415 5.93083
1263 -2.2138598 -0.4885671
1264 13.988844 -1.9332827
1265 -2.21308 -2.9321308
1266 0.582381 8.492288
1267 12.567806 -2.6912618
1268 -2.3777883 -0.9996492
1269 -2.114343 -0.9119859
1270 -2.6361341 -1.4322612
1271 -2.5852191 0.30008268
1272 -1.9635012 1.8839201
1273 -1.6384349 1.9043623
1274 -2.2015018 0.09287655
1275 -2.3183978 -0.79795307
1276 -1.560098 -2.774509
1277 -2.1776705 0.2035148
1278 -2.6724527 -2.0305452
1279 14.152018 -1.9063575
1280 -2.793115 -2.6996257
1281 -2.8405712 -2.5625863
1282 -1.5606004 1.4893303
1283 -1.3966774 3.60582
1284 -1.753378 3.3233926
1285 -2.285005 -1.6431338
1286 -0.8265234 -2.4885054
1287 -1.1643932 -1.1423217
1288 2.797389 13.525004
1289 14.925507 0.6234284
1290 -1.030599 0.38612795
1291 -2.572923 -2.155558
1292 12.946762 -5.1171455
1293 -1.7662493 1.7230474
1294 -2.6080472 -1.2217484
1295 -2.5270135 0.7906954
1296 -2.549988 -0.9072813
1297 -2.549562 -1.0582399
1298 -2.5893166 -1.8380016
1299 -1.4432415 1.8252864
1300 -2.4368675 -1.4609078
1301 -1.810615 -2.01159
1302 -2.4164982 0.875959
1303 -1.3573818 1.2020357
1304 15.257902 1.8918076
1305 -0.5351228 1.8525068
1306 -0.69407725 2.7983017
1307 -0.23877859 2.9732246
1308 -0.07933649 3.8350024
1309 -2.3700726 -0.060375154
1310 -2.613241 -1.856651
1311 -1.4190633 4.201161
1312 -2.4789636 -0.68585855
1313 -2.3277175 -2.0834174
1314 -0.97103745 -1.2197642
1315 -2.276679 -1.1810621
1316 15.172227 4.568266
1317 -2.8207312 -2.928009
1318 -2.1839147 1.1836467
1319 -2.5209143 -0.2109913
1320 -1.697713 1.7045547
1321 -2.4423566 -0.8876012
1322 -2.2968307 -2.6856215
1323 -0.3371145 1.9758905
1324 -1.607753 -2.2281096
1325 -2.0790107 -0.27212015
1326 -1.963481 2.8269029
1327 13.331362 -3.261439
1328 -1.5243123 0.77287143
1329 -2.5436647 -2.118859
1330 -2.318299 0.24956088
1331 1.4028867 -0.8987917
1332 0.41389734 5.4547744
1333 -1.6163108 1.550383
1334 -2.4951084 -1.658151
1335 2.702063 24.043276
1336 -0.12221091 0.3824401
1337 -1.5042721 1.4201999
1338 -2.4660897 -1.9534101
1339 13.453933 -1.9049609
1340 -1.1516784 0.83914506
1341 1.9778417 8.86753
1342 -0.41145712 5.401197
1343 -2.6284232 -1.4074326
1344 -2.7988782 -2.8431728
1345 -2.3552542 -1.569318
1346 -2.3391643 -2.847669
1347 -2.3220937 -1.6866869
1348 -1.4776324 1.6991118
1349 -1.9858603 -2.3716903
1350 0.6925718 3.7551906
1351 -1.6182549 -1.6026733
1352 13.233318 -4.631555
1353 -2.669773 -2.2181668
1354 -2.2397919 -2.6518624
1355 -2.401258 -2.34354
1356 -1.0184064 1.6620297
1357 -2.0837345 -1.3020866
1358 -2.3312752 -1.7552298
1359 -1.4086003 4.0739646
1360 -0.68093795 4.6583095
1361 -1.7510728 -2.3630376
1362 -1.791438 -1.6568702
1363 -1.7601489 -2.7835991
1364 13.613338 -4.788882
1365 -2.4548402 -1.3440198
1366 -2.4032028 -1.3648971
1367 -2.2673316 -2.2975678
1368 -2.603313 -2.5456984
1369 0.9583581 0.3781828
1370 -1.9192977 0.59574556
1371 -2.1743016 0.15565151
1372 -2.3066754 -1.7281239
1373 -1.956743 -2.774025
1374 -1.571921 -1.6638556
1375 -1.4339876 1.8603926
1376 13.047977 -5.0467463
1377 -2.192406 -0.5422375
1378 -0.5489566 8.441685
1379 -0.98239285 3.5586889
1380 -1.4981346 0.35549495
1381 -1.3761876 -2.906552
1382 -0.81293 0.15756911
1383 1.2179902 5.222731
1384 -0.28782728 -0.120013334
1385 -1.82892 0.4151917
1386 -2.3024857 -2.5928624
1387 -0.98047715 1.9475975
1388 12.941174 -5.191259
1389 -2.474592 -1.8494133
1390 12.413395 -3.9479623
1391 -2.5288224 -1.9720222
1392 1.7710866 7.9593
1393 0.30809277 2.9392319
1394 -1.3244826 -0.872193
1395 -2.015668 -1.0798559
1396 1.9166175 18.22953
1397 -1.9211111 0.13047987
1398 -1.6507034 -1.6718019
1399 0.123111226 6.4316244
1400 -2.361865 -1.4742627
1401 14.555212 -4.128517
1402 -0.5664452 4.312189
1403 -0.43197107 -1.3846781
1404 -1.4205801 2.2158349
1405 -2.2474425 1.0594181
1406 -1.7585572 -0.5800632
1407 -2.4843962 -1.0336868
1408 -0.25208947 8.346548
1409 -1.4897556 1.0080786
1410 -2.1914892 -0.3762892
1411 -0.9981919 3.1615596
1412 13.171824 -4.8942113
1413 -0.12756811 6.429454
1414 -1.0894248 5.3414063
1415 -1.3936936 2.8376713
1416 -2.50972 -1.8358548
1417 -1.292104 0.7772048
1418 -1.9000108 -2.3576176
1419 -1.9739848 1.0408113
1420 -1.78071 1.8872465
1421 -2.5381901 -1.9669464
1422 15.340635 -3.5304394
1423 -2.272495 -2.4986832
1424 -2.7639322 -2.572337
1425 -1.7307225 3.9851992
1426 -1.521959 2.9246414
1427 -0.96877915 1.9277102
1428 -1.3877747 3.5994031
1429 -2.3546 -0.5667232
1430 -1.7820799 1.272457
1431 -0.8703511 2.1689825
1432 13.282636 -4.6959686
1433 -1.3037249 -2.355085
1434 0.23140079 3.4049227
1435 -1.9795555 -0.6687795
1436 -1.7517629 0.33848047
1437 -2.5469964 -1.8770988
1438 -1.5957583 -1.4496195
1439 -1.2381158 -2.374682
1440 0.90396285 6.167308
1441 2.3977365 7.4833126
1442 -2.469964 -2.1268678
1443 -0.61769074 -2.557509
1444 -1.9934201 -1.7001592
1445 14.969142 0.78099173
1446 -1.9524261 -2.7691019
1447 -1.4363829 0.42975366
1448 -1.7860025 -1.659594
1449 -1.3973743 5.175036
1450 1.2925856 11.450747
1451 -1.3927618 0.8420218
1452 -2.2974987 -2.2785141
1453 -2.046351 -0.6688921
1454 -0.55244625 -2.265837
1455 -1.6389253 -2.0746543
1456 -1.8607686 -2.8348744
1457 -1.4352 -1.4973199
1458 13.614611 -2.5754175
1459 -1.9147428 -1.2651209
1460 -2.1145506 -1.7730843
1461 0.12793705 3.522336
1462 -0.20300737 4.1815934
1463 -1.8646554 -0.58337235
1464 -1.7844127 -1.2892139
1465 -1.4280416 -2.9289432
1466 -0.55064434 -2.5151198
1467 -0.3921429 3.0640922
1468 -0.5019763 0.87957335
1469 -1.9224117 0.83688265
1470 0.15432125 9.387715
1471 13.504865 -3.9135797
1472 -1.2286192 2.7856367
1473 -1.1864287 -1.4028443
1474 0.23849814 6.092577
1475 -0.17505474 6.0894284
1476 -1.6707158 0.64247584
1477 -0.34465134 0.8014896
1478 -0.5572098 2.8689146
1479 -2.133333 -1.6719596
1480 -2.3227367 -1.617858
1481 -0.9987383 2.6632984
1482 -0.412801 3.7574708
1483 14.814462 -4.8212385
1484 -1.7163048 -1.041105
1485 -1.7363508 -1.5531871
1486 -2.6835716 -2.6438816
1487 -1.8441405 0.8788892
1488 -1.3506219 -0.47717935
1489 -0.32663578 3.8162959
1490 -1.4203839 4.779213
1491 -1.4534932 1.5684566
1492 -1.9827896 -1.4390678
1493 -2.1223857 0.23106137
1494 -1.400531 -2.006289
1495 15.313551 1.5156498
1496 0.3577104 5.1974287
1497 -0.7457463 1.0647943
1498 -2.3826432 -2.7989178
1499 -0.5480138 2.1468978
1500 -2.1726263 0.21843913
1501 -1.6976291 2.8088007
1502 -0.43713966 6.555816
1503 0.9266617 1.7514832
1504 -1.943283 -2.5171764
1505 -1.5416985 -1.1452309
1506 12.996694 -4.5751133
1507 -2.338789 -1.4388793
1508 -2.1269963 -0.8043426
1509 17.04743 6.5581484
1510 -1.3608357 -1.2367501
1511 -0.6180958 -1.6785756
1512 -1.7241136 -2.6301281
1513 -2.376728 -2.980054
1514 -0.7996516 -2.1377516
1515 0.04801765 5.681831
1516 -1.3887264 -0.6679992
1517 0.41796902 4.2847457
1518 3.4718337 1.2016288
1519 2.871558 11.627113
1520 -2.2068064 -0.34658194
1521 13.050384 -5.129127
1522 -0.83560556 1.6731005
1523 -0.71030277 0.2107649
1524 4.716064 22.328938
1525 0.55853 2.338632
1526 0.943594 4.9825954
1527 -2.4649515 -1.5073401
1528 -1.2868698 -2.9618237
1529 2.7092257 16.36043
1530 -1.3886878 -0.5637667
1531 -1.9576249 -0.77644926
1532 -1.147941 -0.5899451
1533 14.065131 -1.6803414
1534 -2.0860288 1.7395992
1535 0.49965194 8.101078
1536 -0.26668796 1.7824792
1537 -2.5971549 -2.4730353
1538 -1.7341328 2.9021046
1539 -2.5118048 -1.6273029
1540 -2.585376 -2.5677197
1541 -1.1765049 4.1314754
1542 -2.0635545 0.32380378
1543 -1.5986629 3.1861513
1544 -2.4625905 -1.9632012
1545 -2.5187106 -2.4800322
1546 13.609855 -4.695664
1547 -1.730835 -2.0881207
1548 -1.8318387 2.0059097
1549 -0.21040499 9.095845
1550 0.69062614 0.2553779
1551 -1.5164931 0.4904685
1552 -0.86712205 3.099643
1553 -2.458773 -2.2144413
1554 -2.466074 -0.9667973
1555 -2.2748635 -2.6114428
1556 -0.21818005 -2.0046139
1557 14.893457 -1.7905569
1558 -1.8301562 -1.2765464
1559 -1.0450734 0.5673688
1560 -0.3846346 4.243775
1561 -1.7238938 -1.3665707
1562 -0.6990396 -1.724206
1563 -1.8137605 -2.580983
1564 -0.94850314 2.470926
1565 -0.9301601 -1.7729416
1566 13.149207 -5.1207476
1567 -2.3895788 -0.5683052
1568 -2.252069 -1.0609673
1569 -2.4178755 -1.5824814
1570 -2.3876894 -0.8349964
1571 -0.11000173 6.3953505
1572 -0.69356424 2.727686
1573 -2.0438395 -2.2294028
1574 -2.1193922 -2.675636
1575 -0.31177872 -1.4472572
1576 -2.019492 -0.79619855
1577 -1.8569231 -2.010775
1578 -0.98812026 0.62084085
1579 -1.7171284 -1.047426
1580 -2.2844286 -2.3119996
1581 -0.5290918 0.12697777
1582 1.7387989 5.5011353
1583 -2.532442 -2.2693372
1584 -1.6703513 -1.2670991
1585 13.94066 -4.4907246
1586 -1.2666302 1.3110985
1587 -2.2722037 -1.2796947
1588 -0.8919326 -1.6598532
1589 -0.39188686 -0.7209023
1590 0.05332514 -0.7731252
1591 -1.7243277 0.072336115
1592 0.37961555 -1.2790054
1593 13.270893 -5.1692543
1594 -0.037175033 -1.356787
1595 -2.2542589 -2.6197808
1596 0.12872262 -1.4328821
1597 -2.3691761 -2.5973394
1598 -2.1786678 -2.1049988
1599 -1.9235934 -2.6932814
1600 -1.4141529 6.7146993
1601 -2.245357 -2.0196285
1602 -0.09894691 0.27428934
1603 -0.91448814 3.7852328
1604 13.925203 -2.1878712
1605 -1.8788841 0.6896605
1606 -1.9123333 -1.5328214
1607 0.58459395 2.6200233
1608 0.5807523 3.08268
1609 -2.124552 -1.6588545
1610 -1.7214166 -1.3085126
1611 3.7108464 9.971813
1612 -0.37892562 1.7493982
1613 -0.90979004 -0.2924874
1614 13.07624 -5.1948905
1615 12.131654 -2.72454
1616 -1.8021224 0.099635325
1617 -1.2864643 -0.10223134
1618 -2.025463 -2.2720125
1619 0.6188803 3.9610627
1620 -0.3882193 -1.7580903
1621 -0.40036538 0.19889815
1622 -1.9113874 -0.9655435
1623 0.71271807 1.7958558
1624 1.690886 7.946961
1625 -0.35593927 3.91094
1626 -1.6288905 0.59604394
1627 13.385852 -5.1512527
1628 1.104286 10.287696
1629 -2.4765995 -2.294521
1630 1.5793047 3.6458316
1631 -0.02079484 1.5637414
1632 -1.1797638 1.5237056
1633 -2.2281795 -2.087748
1634 0.03781313 2.211736
1635 -1.9241077 -0.9836101
1636 -2.3196201 -2.3062484
1637 18.17865 1.066288
1638 -2.3664153 1.6898472
1639 -2.579194 -1.9674368
1640 0.69888616 2.342772
1641 -1.4708312 -0.6993717
1642 -2.1054225 -0.71576667
1643 -1.3113797 4.910322
1644 -0.073151276 3.4045548
1645 -1.1802255 -1.8739533
1646 14.419765 -3.862648
1647 -1.7693845 -1.0530721
1648 -2.037091 -1.6413382
1649 -2.6702037 -2.4844275
1650 -2.1583195 -1.6816915
1651 -0.47291392 -0.48081928
1652 -0.9305202 0.78376764
1653 -1.9863285 -1.1883495
1654 -2.4659789 -2.2921224
1655 0.45754856 4.7773757
1656 -0.10261108 9.988462
1657 13.1045475 -3.9135933
1658 -2.1146908 -1.8847528
1659 -2.3168373 -1.8718964
1660 2.5456653 5.395587
1661 2.381461 11.364203
1662 1.2722137 8.877888
1663 -2.220997 0.047705177
1664 -2.495921 -2.3965814
1665 -1.7890817 2.500013
1666 1.4375246 11.463405
1667 -0.22754642 1.845765
1668 -2.2814832 -1.9026742
1669 13.12368 -5.174272
1670 -0.59047496 -2.7336094
1671 -0.6254019 -3.1992943
1672 1.0505015 6.669205
1673 -2.1921687 0.34352338
1674 -2.307963 -0.25647712
1675 -1.6275572 -1.1876464
1676 0.035154175 4.459749
1677 -1.8473914 -1.1230444
1678 -1.3470583 -0.529421
1679 -1.9588321 -0.13132785
1680 13.12943 -4.5678835
1681 -1.8240747 -2.8084857
1682 0.7240733 -1.887534
1683 -0.7247156 -0.14826667
1684 -2.2689455 -0.8800294
1685 -2.4889216 -2.4054036
1686 -2.099596 -2.3471262
1687 -2.4098754 -2.5944648
1688 -2.58398 -2.8943913
1689 -2.6082437 -2.772006
1690 -2.449771 -1.7465324
1691 -1.5879786 -3.000564
1692 -2.0976322 -2.9433353
1693 13.314519 -5.110431
1694 -1.2165141 1.0496014
1695 -1.0712106 1.7895502
1696 -2.2416508 -1.023966
1697 -1.9515427 -0.90647274
1698 -0.77735007 2.4109864
1699 -1.6664706 -2.4634912
1700 -2.2406254 -2.8797443
1701 1.2208917 6.4117894
1702 -2.2088265 -1.8873581
1703 13.226187 -4.993423
1704 -0.82385725 -0.71145886
1705 -0.9830482 -0.98779774
1706 -1.5764285 -1.2108444
1707 -2.4983041 -2.7136536
1708 1.7462957 6.8132596
1709 0.50608104 11.878689
1710 -1.5763047 4.0256357
1711 -2.296414 -1.9913019
1712 -2.1052918 -1.8191439
1713 -0.93427116 2.2465253
1714 -2.068344 -1.3259397
1715 -1.6038636 -2.4507878
1716 -1.736317 -1.2855381
1717 12.481418 -4.9342656
1718 -0.5830363 0.32153773
1719 -1.7155651 -1.4725227
1720 -2.0697792 -2.0386121
1721 -1.7834061 -2.4460917
1722 -2.5162208 -2.3647554
1723 -0.29430673 -0.9364353
1724 -2.0295966 -2.0617442
1725 -2.4710205 -1.5440727
1726 -1.575159 1.3479462
1727 -0.4381129 -2.1671145
1728 -1.3678434 -1.8035648
1729 12.850137 -4.399826
1730 -2.2065864 0.120349534
1731 12.657509 -1.8252659
1732 -0.21629266 2.3797286
1733 -2.3175704 -2.4421322
1734 -1.9013265 -0.7929149
1735 -1.5299618 2.771088
1736 -1.9454811 2.1445339
1737 -1.0533234 0.6763295
1738 -2.5256076 -0.97420484
1739 4.4188676 12.466158
1740 12.895137 -3.46095
1741 -2.2471433 -2.8846474
1742 -2.1719077 -2.6248107
1743 -0.8255787 5.429262
1744 -2.5501301 -2.6078236
1745 -1.7547117 -2.4667091
1746 -0.9124678 -1.9386088
1747 -1.9798793 -1.1097351
1748 -2.6560814 -2.0147038
1749 -0.4265849 6.6283298
1750 -2.727859 -2.8653576
1751 -2.8421478 -2.5018146
1752 13.640717 -1.5301249
1753 -0.4030178 2.466328
1754 -1.7870414 -1.8402102
1755 -1.7213799 -1.0673137
1756 -2.4033592 -2.456218
1757 -2.4685705 -0.060518607
1758 -2.4321375 -1.0628333
1759 -1.2447764 2.348799
1760 -2.32426 -1.5963924
1761 -1.6027709 -2.466719
1762 -1.591522 -0.8294951
1763 12.426433 -4.4207644
1764 -1.5487664 -0.5052693
1765 0.22790581 4.2206264
1766 -1.2957371 0.12152408
1767 -0.81315565 -0.008022342
1768 0.36063117 -1.3908117
1769 -1.9438722 -2.8284419
1770 -0.3118337 -0.32029188
1771 -1.0212693 0.46891952
1772 12.496301 -4.7408853
1773 -2.033675 0.13652028
1774 2.587221 1.3340573
1775 -1.6963898 -1.5097133
1776 -2.3692465 -2.3861473
1777 -0.24243946 1.4595456
1778 -1.0997213 2.307828
1779 -1.6815732 -0.26472065
1780 -2.078525 -1.9486972
1781 13.468256 -3.264121
1782 -1.216324 1.0636166
1783 1.7809707 -0.027709702
1784 -2.3165615 -1.6522875
1785 -2.2572782 -1.8709313
1786 -1.9243691 -1.6211455
1787 -2.094392 -1.5849203
1788 -2.718593 -2.498784
1789 -2.6018517 -2.6888113
1790 -0.070932604 2.8552167
1791 -2.7956882 -2.9376426
1792 -2.4479742 -1.0123518
1793 -1.4974128 -0.6945938
1794 -1.5590699 -1.2481725
1795 -1.6747249 -2.5827954
1796 -0.13403437 0.04678193
1797 -2.0560856 -0.7381106
1798 -1.1860361 5.941103
1799 -1.6070681 0.8496933
1800 -0.98638123 0.014945526
1801 -2.589456 -2.676018
1802 -2.649251 -2.7756298
1803 13.448065 -2.0115113
1804 1.0727315 10.785847
1805 0.70711917 6.8590174
1806 -2.3024824 0.068379976
1807 1.8038934 8.212555
1808 -1.828038 -0.85770816
1809 -1.194621 0.3787751
1810 -2.2126598 2.7560158
1811 -0.1396819 7.4500623
1812 -1.6267725 1.5503443
1813 14.364028 -1.3247635
1814 0.70013106 7.066828
1815 -1.2167051 -1.0505813
1816 -2.4890647 -2.124924
1817 -1.1437534 2.4200423
1818 -1.1997893 -0.14980568
1819 -1.8015395 -2.6942163
1820 -0.95833725 1.0802786
1821 -0.75266427 2.2477782
1822 -0.12787938 3.687524
1823 -2.0388057 -0.43807256
1824 -0.6362765 1.9779853
1825 12.86342 -4.282992
1826 -2.6218586 -1.8294249
1827 0.019604776 0.9898671
1828 -1.5400581 0.55453426
1829 -1.3121531 -0.025365362
1830 -1.8139758 -0.94351774
1831 -1.8114761 -1.8901116
1832 2.6049306 25.247679
1833 -1.9173318 -0.5350871
1834 -1.713093 -1.9772166
1835 -2.2756538 -1.561828
1836 -1.7529446 -0.23451452
1837 12.553743 -4.794343
1838 -1.922542 -2.2321281
1839 -2.2034864 -1.2111626
1840 12.502833 -3.5326972
1841 -1.7523335 -2.7850156
1842 -2.0424023 -3.0134618
1843 -2.6348095 -2.9791367
1844 -0.45010328 -0.20929797
1845 -1.2472501 0.43390274
1846 -1.4532471 -1.6986789
1847 0.16588242 4.363219
1848 -1.525148 0.19895186
1849 -2.1818771 -2.4930456
1850 15.952686 -1.8668094
1851 -2.3109617 -1.8733919
1852 -2.1505804 -1.5369171
1853 -2.092219 -1.5734931
1854 -2.1047463 -2.3750813
1855 -2.2059405 -1.8762306
1856 -2.2366307 -1.9982159
1857 -0.7785137 0.33605993
1858 -1.2743598 -0.57599163
1859 0.13573311 -0.39133123
1860 -2.699969 -2.5553353
1861 -1.5142365 2.2482095
1862 0.20274176 1.424302
1863 13.687874 -4.036705
1864 -2.5102103 -2.7878451
1865 0.057693906 3.9704309
1866 -1.9738436 -1.8775704
1867 -2.3790407 -2.6166747
1868 0.86751205 2.3580253
1869 -2.0596683 -2.8690143
1870 -2.2242446 -1.5640632
1871 -2.6892602 -2.6753428
1872 -0.979901 0.00848107
1873 13.898622 -3.4824402
1874 -2.7074525 -2.9524117
1875 -2.6941304 -2.6719122
1876 -1.5190598 -1.2215455
1877 0.19158937 1.3798107
1878 -1.611765 0.3459218
1879 -0.87492925 1.1372979
1880 0.77953273 3.2022948
1881 -0.4339389 1.023466
1882 -1.9591547 0.61400074
1883 -0.75020194 2.019041
1884 -1.2233715 -0.28534386
1885 13.066882 -3.9451432
1886 -1.8654592 -1.346732
1887 -1.0459468 6.9282775
1888 -1.4252435 -0.9920181
1889 -2.266981 -2.2290735
1890 -2.4622853 -2.448556
1891 -2.218967 -2.3906205
1892 -1.6918321 0.12326796
1893 -1.8509101 -2.5448718
1894 -1.8866073 -2.043905
1895 13.809022 -2.696781
1896 1.4447215 7.9120803
1897 -2.6279428 -2.5653234
1898 -1.4242855 -0.46026286
1899 -0.9923461 -1.280588
1900 -2.375078 -2.5099056
1901 -1.5834816 -0.41289863
1902 -0.70579875 1.5924984
1903 0.48249644 0.70965624
1904 -2.4498968 -1.6017365
1905 -1.286419 -0.35584006
1906 -1.6236588 -1.3837919
1907 12.52751 -4.874357
1908 -2.424859 -0.5330636
1909 -1.379269 -0.28629926
1910 -2.5637493 -2.7036486
1911 -1.8951052 -1.5111032
1912 -1.1696726 -2.8997343
1913 -1.828466 -2.4777603
1914 -1.242652 2.0890152
1915 -2.173836 -1.2778733
1916 -0.7553245 0.74619544
1917 -1.5956495 -1.9748257
1918 13.007957 -4.532521
1919 -0.6776654 0.19560055
1920 -2.0769267 -2.5768054
1921 -0.74465615 1.4217472
1922 -0.45025897 7.342737
1923 -1.9386934 -0.54227024
1924 -1.6647078 1.0475512
1925 -1.7448244 1.2708993
1926 0.19029334 6.89469
1927 -1.9676269 -1.4537421
1928 -2.3928926 -2.445084
1929 13.641739 -3.0838947
1930 -2.5147908 -2.3365738
1931 -1.0732338 0.3568249
1932 -2.4808009 -2.827716
1933 -0.6707765 3.9889946
1934 -1.7258879 -1.6121184
1935 -2.0954118 -1.3292454
1936 -2.523823 -2.5867074
1937 -2.1805034 -1.9112546
1938 -1.4155229 -0.80884564
1939 -1.9145532 -1.1774501
1940 -2.385328 -2.5530634
1941 -0.99211305 0.105614625
1942 -0.76969934 0.48448643
1943 14.056756 -1.8914883
1944 -2.364667 -2.1850765
1945 -2.1096075 -2.3503227
1946 -1.916909 -1.3490735
1947 -2.2930372 -2.6803474
1948 -2.112231 -0.8650723
1949 1.1058205 4.252214
1950 -2.4338424 -2.8341486
1951 -0.7828369 -1.1039771
1952 -0.6486778 -1.5938994
1953 -0.31449366 0.9208788
1954 -1.5242774 0.43922696
1955 15.540766 1.3583181
1956 -2.2336516 -2.7607002
1957 -2.7134645 -2.8576837
1958 12.105053 -4.5483394
1959 -1.2102247 -0.52317995
1960 -1.883763 -1.1646314
1961 -1.7578543 1.20214
1962 -2.0977647 -0.12912886
1963 -1.9014235 -1.6819229
1964 -2.2942584 -2.1853552
1965 -1.9839009 -1.7689492
1966 -2.7928135 -1.790653
1967 -1.7530121 -0.7031585
1968 -1.2208794 1.3504473
1969 13.75388 -0.4911028
1970 -2.2962935 -1.4719694
1971 0.099521555 4.4965105
1972 -0.61222494 -1.9993191
1973 -1.2599156 -0.49554983
1974 -1.2170076 2.0592585
1975 -2.3105376 -2.5852401
1976 -2.2859635 -2.3776352
1977 -1.5761194 -0.8135711
1978 -2.487438 -1.8198355
1979 -1.4493077 -2.2117605
1980 -2.5670362 -2.6005328
1981 13.596137 -3.1365402
1982 -2.2482076 -1.3149785
1983 -1.1326408 -0.23230578
1984 -2.504827 -2.7598722
1985 -1.6413691 -1.2096123
1986 -1.4080193 -1.094714
1987 -1.9511259 -1.1682389
1988 -0.9951609 1.4378254
1989 -0.86047494 0.5094197
1990 -1.0470747 1.548017
1991 -1.4307085 1.7447865
1992 -1.3778756 -1.8116442
1993 -1.7237291 -1.9313961
1994 13.021834 -4.6014333
1995 -0.5229622 0.7462668
1996 -2.3458827 -1.732544
1997 -1.9201525 -2.1784966
1998 -0.122993916 -0.66193646
1999 -1.8886127 -1.8553504
2000 -1.7895675 -1.594033
2001 -1.076177 -0.30446202
2002 -2.0274687 -2.2142725
2003 -1.8194737 -1.2121179
2004 -2.323783 -0.6168937
2005 -1.6535959 -0.36338314
2006 12.750991 -4.2133284
2007 -1.4538987 -1.7403924
2008 -1.552123 -0.32291418
2009 -1.555223 2.181583
2010 -2.6500492 -2.0237436
2011 -1.8979304 0.7184981
2012 -1.5841869 -1.8474867
2013 -1.8402001 -2.2926059
2014 -2.5071936 -1.3884884
2015 12.749328 -4.7177143
2016 0.6281432 -1.3550887
2017 -2.0173664 -2.1471498
2018 -1.788356 -1.8810151
2019 -2.172646 -1.9781687
2020 -2.6637003 -2.7398188
2021 -1.7278144 -1.426462
2022 -1.9287239 -1.936979
2023 -1.9276457 -2.2523756
2024 -1.2794918 -0.20016944
2025 -1.5160855 0.30792856
2026 14.822937 -3.3927512
2027 -2.0600886 -2.3116512
2028 0.628234 4.5606146
2029 -2.0212507 -2.7208705
2030 -1.8695501 -1.5279706
2031 0.068737924 -0.5538173
2032 -1.592947 -0.9308883
2033 -2.0283394 -1.4331574
2034 -2.0777926 -2.3484108
2035 -1.2849095 -1.1293297
2036 -1.6476012 -2.1184633
2037 12.669503 -4.9076686
2038 3.8343842 -0.5637625
2039 -0.1715656 6.372956
2040 -1.6282392 -0.34222668
2041 -1.9272454 -0.3215547
2042 -1.7982799 -1.477134
2043 -1.6112404 -2.0105894
2044 -0.208429 0.71351045
2045 -2.3221433 -2.3695033
2046 -2.2734325 -1.4328126
2047 12.954789 -3.8336515
2048 -2.2635448 -0.025663437
2049 -1.548997 3.2966516
2050 -2.0281935 0.56229424
2051 -2.114149 0.31703112
2052 -1.5813888 0.2143172
2053 -2.4781523 -2.2664444
2054 -2.012886 -1.4079235
2055 -0.5752348 1.4114939
2056 -1.6048946 0.8639627
2057 -1.9940497 -2.0205455
2058 -1.061683 1.2955393
2059 14.279123 -0.9645423
2060 -2.3355033 -2.5394833
2061 -1.1902521 -1.6406759
2062 -2.6532013 -1.3229611
2063 -0.7460911 2.1534553
2064 -0.24062413 4.410178
2065 -1.6044041 2.6945138
2066 -2.0757136 0.8985762
2067 -1.59696 -1.2261384
2068 -2.2222989 -1.1595846
2069 -1.1515151 0.94530153
2070 14.119617 2.3054938
2071 -1.7582937 -1.8107315
2072 -0.4022996 2.4028099
2073 13.452223 2.014212
2074 -2.0457861 -2.2829134
2075 -1.6974181 -2.6327908
2076 -1.4759674 1.2975831
2077 0.9339626 0.48409325
2078 -1.0027765 -1.971107
2079 -1.6149162 -2.3010595
2080 -0.82690954 2.278899
2081 -2.3945017 -1.1962652
2082 -2.03237 -0.7532904
2083 -1.7211637 -1.5171275
2084 -2.149944 -1.6858315
2085 12.384086 -4.9059763
2086 -0.8758034 0.9839217
2087 -1.1577699 -0.24810338
2088 -2.529976 -2.8588936
2089 -2.5223634 -2.8967059
2090 6.209087 -0.5158112
2091 -1.4940917 -2.7146938
2092 -2.6939025 -2.8972065
2093 -1.2916743 -2.4331684
2094 -1.2176409 -0.70903677
2095 -0.41627654 2.424684
2096 -1.7438303 -1.8022416
2097 14.757879 -4.4071326
2098 -2.7841206 -2.926052
2099 -1.9254833 -1.4600797
2100 -0.7036872 3.4144998
2101 -1.9242257 -0.7255993
2102 -2.5996237 -2.2845857
2103 -1.6925181 -0.04399431
2104 -2.2610772 -2.2962177
2105 -1.254243 -0.5584402
2106 -2.5739586 -2.5456223
2107 14.642517 5.7173247
2108 1.095443 9.690028
2109 -0.72595614 -0.24455442
2110 -2.5859761 -1.2697425
2111 -1.3494846 1.8355374
2112 -2.3215766 -1.392127
2113 -2.224742 -1.2559487
2114 -2.4379246 -2.4332497
2115 -1.8703616 -0.6268721
2116 -2.413984 -2.550758
2117 -1.248119 1.8159738
2118 -1.4439425 0.931828
2119 12.777196 -3.893224
2120 0.2458862 0.6977755
2121 -1.9058481 -1.6748574
2122 -0.88321096 0.7742602
2123 -0.5012717 1.2213752
2124 -0.85849303 1.0319594
2125 -0.313873 3.9194427
2126 -1.7319883 -0.1128606
2127 -2.056791 -1.3699577
2128 -1.0975441 -0.8109565
2129 -2.0378826 -0.18651105
2130 -1.3389014 -0.54833674
2131 14.3828945 -3.101862
2132 -0.92024106 -2.0042572
2133 1.7518888 4.247588
2134 -0.67364323 2.313383
2135 -1.0430219 3.8619134
2136 -2.4197545 -2.7633696
2137 -2.157115 -1.7706726
2138 -0.7624661 3.3666673
2139 -1.4259452 -0.797118
2140 15.011723 -1.338659
2141 -2.569444 -2.8316214
2142 -1.4753582 0.28815636
2143 -2.2115405 -0.59942067
2144 -0.49695176 0.5425155
2145 -0.7349296 -1.1110929
2146 -1.751773 2.2344239
2147 -0.85692537 2.062284
2148 -1.7099308 -1.1566491
2149 3.0887294 -1.5235679
2150 13.94094 -3.1327794
2151 -2.7693698 -1.9444164
2152 -2.7734268 -2.3903759
2153 -2.599953 -2.338776
2154 -1.5939648 -0.28655416
2155 0.6429663 8.562446
2156 -1.6794715 1.4516996
2157 -1.6337187 -3.2751
2158 -0.47780117 -2.064579
2159 -2.200732 -1.0696924
2160 12.75015 -4.7419405
2161 -2.5256054 -0.5679317
2162 -2.6419034 -1.82009
2163 -2.8262208 -2.7737074
2164 1.5830157 11.643982
2165 -1.2623135 0.3049469
2166 -1.7280687 -0.425138
2167 -2.280689 -2.647138
2168 -2.012427 -2.309496
2169 -2.2511976 -2.281182
2170 0.07716027 4.056514
2171 -1.1498605 -2.2280138
2172 -0.117854975 -0.29323548
2173 -2.2341304 -2.3024309
2174 12.495356 -4.3391604
2175 -2.2582703 -1.0705856
2176 -2.526163 -2.3318148
2177 -2.454452 -2.7383392
2178 -2.2703972 -3.0861273
2179 -1.7242768 -2.4388156
2180 -2.5870168 -2.572047
2181 0.65007925 6.321726
2182 -0.16993336 8.03357
2183 -1.4867996 1.0220138
2184 -2.0447779 1.9185369
2185 -2.198615 0.43023148
2186 12.599865 -4.4090776
2187 -1.4135572 -0.15330967
2188 12.028021 -3.6603565
2189 -2.2871368 -2.732584
2190 -1.9452966 -1.9986174
2191 -1.8329308 2.1660728
2192 -1.0715996 1.7664086
2193 0.91303605 5.4925194
2194 -0.19932833 0.5593075
2195 -2.0188723 1.2676368
2196 -2.3831527 -0.55585927
2197 0.24127516 3.5238657
2198 0.5922538 -0.07041579
2199 12.742934 -4.9054513
2200 -2.388265 -1.7494175
2201 -1.5111158 -1.5797783
2202 -1.599388 -2.4211311
2203 -1.6408617 -2.1854265
2204 -2.200423 0.35894868
2205 -1.6078613 2.5555353
2206 -1.899044 -2.2766001
2207 -1.2794145 1.6875676
2208 -1.2609882 -0.682476
2209 -1.1692698 -1.2394819
2210 -2.5647275 -2.4678175
2211 12.437829 -4.832887
2212 -2.177562 -2.3867211
2213 -0.8370337 -0.7626275
2214 -1.784356 -1.6867204
2215 -2.2155297 -2.3406458
2216 -2.3290703 -2.7128637
2217 -1.58277 -2.4788404
2218 -2.1980345 -0.31700903
2219 2.368436 12.05508
2220 -0.43351886 -1.4995323
2221 12.829917 -4.6149282
2222 -2.2633655 -1.4245751
2223 -0.37147674 0.6762004
2224 -0.9037634 -0.6457616
2225 -1.9468099 -1.8550664
2226 -2.556159 -2.973333
2227 -0.8175836 1.9618098
2228 0.1921146 -2.3054645
2229 -0.4116497 3.4174557
2230 -0.42982605 2.6494265
2231 -2.4791853 -1.4660702
2232 -1.1927963 -2.2289808
2233 -2.2289038 -2.6937454
2234 12.613796 -4.7489576
2235 -2.2043157 -0.052574493
2236 -1.7114277 0.17948477
2237 -1.35902 3.0194988
2238 -1.2626727 1.4363488
2239 -1.2160805 -1.4451127
2240 -1.3279586 -0.4649608
2241 -1.503327 -0.9146824
2242 -1.5726595 -1.5292974
2243 -0.86405814 3.5996373
2244 0.03035346 1.938927
2245 -1.352965 -1.0085734
2246 13.022886 -4.5563345
2247 -1.4467195 -2.3498738
2248 0.46447474 4.141565
2249 -1.3495514 -1.6533902
2250 -2.0942614 -2.2399745
2251 -2.6316586 -2.7510777
2252 -1.988866 0.9140127
2253 -2.1942081 -1.4309719
2254 1.4096596 7.771257
2255 -2.5477448 -2.7493448
2256 -1.9677289 -1.7890211
2257 13.867231 -2.5327544
2258 -0.6983231 6.7489605
2259 -2.276593 -2.4559586
2260 -0.9739332 1.1443157
2261 0.17014237 -1.2159152
2262 -0.883816 -0.7005902
2263 -2.4494803 -2.5175807
2264 -0.33037606 4.0912085
2265 -0.60237134 1.8679938
2266 -1.4365624 -0.8266442
2267 13.837698 -2.4806213
2268 -2.0010433 -0.9895858
2269 -0.78318435 -0.32468376
2270 -1.7246373 -2.1126113
2271 -2.765581 -1.8114332
2272 -0.75990695 6.1636133
2273 -2.295985 -0.7557389
2274 -0.92582333 -1.8208858
2275 -2.110587 -2.3173223
2276 -2.1275046 -0.08842928
2277 12.370004 -4.9277663
2278 -2.2524176 -0.075924374
2279 4.0879602 2.5131888
2280 -1.9449633 -2.5219462
2281 -1.3269669 1.1055753
2282 -2.3860726 -1.4806554
2283 -0.75738645 7.3593
2284 -1.7514615 1.3785185
2285 -2.153774 -1.7825934
2286 -1.9134697 -1.9713701
2287 -2.5787902 -2.0515714
2288 -0.28230125 -0.47202235
2289 15.922842 6.8863277
2290 -2.243426 -2.0322905
2291 -1.9940745 -2.0614634
2292 -1.3030478 3.215787
2293 2.4312987 11.166242
2294 -1.0235904 -0.039624304
2295 -2.1178653 -0.20194097
2296 1.4850935 0.08021336
2297 -1.3405836 -1.6749269
2298 -2.400531 -2.8297448
2299 -0.5998687 1.9858193
2300 -2.055659 1.4379478
2301 -2.434332 -2.0932045
2302 15.93397 1.0455602
2303 1.2238728 2.8664196
2304 -2.3580358 -2.4090457
2305 11.849908 -4.260822
2306 -2.0391417 -2.2490103
2307 -1.4177014 -1.8120911
2308 -0.21518451 5.3670263
2309 -2.2425828 -1.6296272
2310 -1.7770337 -2.7972684
2311 -2.3602862 -2.2621033
2312 -2.4273407 -1.7851375
2313 -2.1199117 0.47340918
2314 -2.3281684 -0.32337227
2315 15.694285 -1.9286976
2316 -1.0407274 -2.4449635
2317 -1.0643692 -1.3142571
2318 -0.12107167 4.3575716
2319 -2.6818035 -2.1552048
2320 -0.95084983 -1.8905059
2321 0.4581088 7.2473164
2322 -2.067947 -2.252207
2323 -2.0435007 -0.8597041
2324 -0.0992692 3.46257
2325 -2.402391 -1.4370699
2326 -1.2562505 -1.9888555
2327 13.807202 -1.9541428
2328 -1.8225312 1.0884281
2329 -1.1748254 -1.5883844
2330 -2.0850527 -1.7768236
2331 -2.1149838 -2.4583137
2332 -2.1147435 -1.5494593
2333 -2.2751648 -2.8669696
2334 -0.90883744 -1.0831897
2335 -1.5437224 1.2351209
2336 -2.2859237 -1.149211
2337 -1.5405154 -0.50850594
2338 -0.39606282 -1.065478
2339 13.172471 -4.6999493
2340 -1.3379467 -0.9676615
2341 -0.27441657 6.0791135
2342 -0.59522325 6.042057
2343 -2.4745634 -0.622121
2344 -2.712972 -2.6299264
2345 -1.8793248 -2.2612116
2346 -1.3021303 0.24242455
2347 -0.86109847 7.4028134
2348 -2.4761531 -2.7191887
2349 -1.7269677 -1.1994079
2350 13.885388 1.00496
2351 -2.1877255 1.9377264
2352 0.17530784 -0.6467622
2353 2.082301 3.9573195
2354 -0.9386024 -0.33802563
2355 4.4435844 3.813348
2356 1.3773917 6.1962442
2357 -2.577194 -2.0941105
2358 -2.3277836 -2.0340965
2359 -1.3253546 3.7264671
2360 -1.0774502 -1.7002972
2361 -2.535103 -2.156372
2362 12.929961 -2.5391462
2363 -1.4757643 -0.32610172
2364 -0.1273878 -0.026076904
2365 -1.6060007 -1.8527713
2366 -2.2085438 -2.8488815
2367 -1.8914963 -1.2605734
2368 -1.0504318 2.741738
2369 -0.6783354 -0.88479376
2370 -2.3066065 -2.7450507
2371 -1.8264836 2.5120971
2372 -1.4213982 1.6186962
2373 -2.468982 -2.6253054
2374 -2.593971 -2.4852366
2375 12.703251 -3.466507
2376 -0.97424394 -2.4082131
2377 -0.3134687 2.8839746
2378 -0.86987114 4.0914507
2379 -0.78579974 5.00837
2380 -2.3804796 -2.1420474
2381 -0.4941325 3.089816
2382 -1.1556864 -2.1624618
2383 -2.0869532 0.18872721
2384 -2.25893 -2.0168054
2385 0.8129578 3.1271436
2386 13.611189 -3.5176177
2387 -1.7560432 0.5117082
2388 -1.1587987 2.8217382
2389 -2.2635343 -1.7476366
2390 -2.1991487 -2.334935
2391 -1.7294651 -2.2813172
2392 -2.1760674 -2.3779502
2393 -1.4149096 1.2207507
2394 -2.0101469 -0.10472399
2395 -1.6393853 0.4734754
2396 -2.1508255 -0.83721644
2397 -2.7706065 -2.7855477
2398 12.465578 -4.804314
2399 -1.5398016 -2.1001692
2400 -1.8819348 -1.1659957
2401 -1.1656858 -0.51296794
2402 -1.7082573 -1.5370449
2403 -1.5522448 -0.62221646
2404 -1.5804935 -0.72779804
2405 -0.54820544 5.6287255
2406 -2.167752 -0.18542542
2407 -1.9265051 -0.41339126
2408 -1.6887652 2.0923934
2409 -2.246005 -2.5402355
2410 13.449974 -3.7730665
2411 -0.19528325 4.1009636
2412 -2.1799178 -1.2426993
2413 -1.3059024 -1.2444165
2414 -1.5903382 -1.6587734
2415 -0.5171258 0.3654858
2416 -2.0202627 -2.1620476
2417 -2.4969347 -2.3412502
2418 -0.17992552 -1.3361328
2419 -1.3229314 -0.4349872
2420 -2.4566598 -2.3438559
2421 -2.397324 -2.642919
2422 12.667963 -3.7820356
2423 -2.4057267 -2.6356091
2424 -1.998298 -2.3076055
2425 12.54572 -3.9596694
2426 -2.3040347 -0.21660621
2427 -2.685047 -2.2562883
2428 -1.9598776 -2.2702155
2429 -2.43068 -2.8970525
2430 -2.266644 -2.3152344
2431 -1.3323398 -0.28061754
2432 0.19985896 -1.9902385
2433 -1.8841851 -1.5050783
2434 -1.4155989 -2.5674841
2435 0.66763514 0.4307174
2436 13.811307 -0.686561
2437 -2.380716 -1.1144452
2438 -0.45703724 4.49568
2439 -2.443493 -2.7397082
2440 -1.5497701 -0.5995661
2441 -1.6658373 -1.8781725
2442 -1.3625662 -1.6636945
2443 -2.235967 -2.3791678
2444 -1.8877397 -0.42065886
2445 -1.1901287 2.0461276
2446 16.587627 0.7103671
2447 -2.0214708 -2.4433227
2448 -2.231732 -0.08937382
2449 -2.6167035 -1.9505943
2450 13.031875 -2.6752634
2451 -2.0108204 -2.2369006
2452 -2.3071115 -2.3508499
2453 -2.6853492 -2.6467233
2454 -0.7003223 -0.8933523
2455 -1.7404969 -0.35154405
2456 -0.22418152 6.803944
2457 -0.33401945 -0.10334658
2458 -1.0226483 -1.0611877
2459 -1.7701536 -2.1506186
2460 -2.4185953 -2.5868726
2461 -2.6809509 -2.6318471
2462 12.4712515 -4.476312
2463 -2.5848415 -2.6367152
2464 -2.737431 -2.4796777
2465 -2.2989154 -2.9326925
2466 -2.2211564 -2.8021383
2467 -2.1017292 -2.4417596
2468 -1.689236 -0.8319287
2469 -2.287395 0.26945826
2470 0.70291173 0.5288645
2471 -1.9378339 1.6259109
2472 -0.5734866 -0.057648778
2473 -1.9587893 -2.0892031
2474 -1.8292822 -1.0727246
2475 13.183427 -3.0965776
2476 -2.78751 -2.3357556
2477 -2.280024 -1.3591304
2478 -1.9998001 -1.6762354
2479 -1.712244 -1.9709057
2480 -1.0929785 0.012321003
2481 -0.203076 -0.41672233
2482 1.2486081 -0.32857326
2483 -0.819717 1.5649078
2484 -2.1692977 -2.3266096
2485 1.1727078 2.5950398
2486 12.4641905 -5.074478
2487 -1.172276 1.9291441
2488 -1.0417678 3.35851
2489 1.3395392 0.69396883
2490 -1.5898535 -1.2453996
2491 -1.5757794 -0.74182516
2492 -2.5941296 -2.7629828
2493 -2.3736289 -2.038228
2494 -2.765867 -0.76042783
2495 -0.6607601 -2.444868
2496 -0.83520913 -1.2369092
2497 -1.0249001 -2.165304
2498 14.056655 -2.4753275
2499 0.18907732 4.3446956
2500 -2.3631365 -0.2840322
2501 -2.2626886 -2.3006892
2502 -1.6211405 0.7599402
2503 -1.8834332 -2.2376227
2504 -0.86952734 2.008975
2505 -2.5314486 -2.7236981
2506 -1.8950177 -1.9367307
2507 -2.4042618 -1.3749005
2508 -1.5092262 -1.340502
2509 14.478295 -1.2581953
2510 -2.6828172 -2.792343
2511 0.6544606 6.3618813
2512 -2.060345 0.7245576
2513 -1.7746594 0.4143034
2514 -2.5516667 -2.4827821
2515 -1.5731595 0.39207795
2516 -2.5463812 -2.2990844
2517 -1.5623733 -1.6867912
2518 -1.98468 -1.981661
2519 -1.7217294 0.10939953
2520 14.442239 -4.8699627
2521 -1.8814664 -2.2857852
2522 -1.0148042 -0.4790063
2523 -1.6040437 1.9389417
2524 -1.714553 1.4776101
2525 -1.5700967 3.899084
2526 -2.355766 -2.5322492
2527 -1.8117979 -1.854502
2528 -2.1872993 -2.8122098
2529 -2.1671376 -2.7262065
2530 -1.1020505 2.7340028
2531 -2.013186 -0.91673803
2532 12.484542 -4.8918743
2533 -1.4614234 -0.7888206
2534 -2.6118667 -1.7218852
2535 -2.7625275 -2.5758545
2536 -2.3000567 -0.8484716
2537 -2.6270432 -1.6786351
2538 -2.875829 -2.7477236
2539 -1.7127132 2.042612
2540 -2.038128 -2.185115
2541 -1.3822283 1.4668798
2542 -2.2131407 -2.8370092
2543 3.073498 4.585764
2544 -1.4530904 -1.6448214
2545 15.012803 5.8240013
2546 -2.1435602 -0.6567165
2547 12.531751 -3.316192
2548 -2.4908798 -2.3942227
2549 -0.9721464 3.500552
2550 -0.7540706 0.4776103
2551 -1.9741492 0.11812352
2552 -1.903659 2.1686063
2553 -2.160912 -1.8016927
2554 -1.4846679 -0.14535446
2555 -1.2997158 0.38788545
2556 -2.105592 -1.729386
2557 -0.6936639 2.2150192
2558 13.12966 -4.422701
2559 -2.1677022 0.6739467
2560 -2.2577221 -2.2859497
2561 2.1248791 1.5082439
2562 -2.0051537 -0.21129183
2563 -1.36514 -2.0258152
2564 -0.31342784 4.1412954
2565 -1.8862503 -0.4629312
2566 -0.6351616 3.9064584
2567 -0.12099268 5.9353256
2568 12.351922 -5.0823817
2569 2.03197 0.517906
2570 -0.2719962 -1.8128054
2571 -1.184016 3.8297858
2572 -2.497249 -1.9279348
2573 -1.023727 2.5249128
2574 -2.1921148 -0.80386674
2575 -1.931966 -0.50728
2576 -1.8896996 -0.99092996
2577 -2.6195397 -2.5267298
2578 -1.817922 -0.4659597
2579 13.607383 -2.894521
2580 -2.1350029 -1.7239976
2581 -2.720845 -2.0232348
2582 -1.2964406 0.24548507
2583 -2.695527 -1.9577106
2584 -2.6670966 -2.7614734
2585 -2.4285414 -2.4516804
2586 -1.7419587 0.49935874
2587 -0.72043663 2.2715173
2588 1.0918959 4.9341593
2589 -1.0596572 2.9826813
2590 13.003585 -4.1355014
2591 -2.868621 -2.901709
2592 -2.8376105 -2.719687
2593 -2.3160405 -1.9303004
2594 -2.7142253 -1.317427
2595 -2.6139731 -2.294947
2596 -2.7949853 -2.823813
2597 -2.2733593 2.166802
2598 -2.4413915 -2.1656096
2599 -0.52653503 0.22931829
2600 -1.4144447 -1.766611
2601 -1.6790184 -2.18185
2602 13.666901 -4.001768
2603 -0.6253924 2.0139847
2604 0.77925783 2.3021295
2605 -2.3918571 -1.4161823
2606 -2.2898896 -2.489763
2607 -2.2289467 -0.5043285
2608 -1.1849889 -0.6235915
2609 -1.6212019 -1.4872367
2610 -2.0383346 -0.34300113
2611 -0.92865705 -0.44832087
2612 -1.0705957 1.6706082
2613 12.733537 -4.0685606
2614 -0.8701622 -0.9487546
2615 -1.7561861 1.304365
2616 -2.5883346 -2.5864532
2617 1.9074001 8.098512
2618 -2.2928758 -2.4806533
2619 -1.6463954 -1.3158213
2620 1.391651 5.511846
2621 -2.1228213 -1.5871589
2622 -1.6643194 1.1009479
2623 -2.2214653 -1.1337881
2624 -1.097673 2.0630558
2625 12.658043 -5.112545
2626 -1.5503973 -0.25903502
2627 -1.8551043 -1.3723087
2628 -1.6274599 -1.8703476
2629 -2.2268686 -2.2476847
2630 -2.3782437 -2.6617053
2631 -0.19268012 4.610841
2632 -1.5226175 -1.6195374
2633 -1.9598422 -2.0310516
2634 -0.9165818 0.6563407
2635 -2.175497 -2.6831052
2636 12.448059 -3.826601
2637 -1.8988146 -1.0023363
2638 -1.9188063 -1.0150943
2639 -0.20475438 0.29212663
2640 -1.4667004 1.3603784
2641 -0.9272718 4.104388
2642 -1.4297949 1.7582519
2643 -1.6839235 -1.1600834
2644 -0.64154524 -1.1230762
2645 -2.0082276 -1.3926874
2646 12.405706 -5.0741963
2647 -0.89324343 -0.45492804
2648 1.331393 7.148495
2649 -2.767631 -2.7500484
2650 -1.7071371 -0.25508383
2651 -2.252215 -1.3416774
2652 -1.0722896 1.4746997
2653 -2.1221032 -0.7586502
2654 -1.352945 1.0902898
2655 -1.5578192 2.8906243
2656 0.19231386 -0.5248062
2657 -2.1404378 -1.5484416
2658 -2.3806689 -2.3374193
2659 12.287734 -5.151507
2660 -2.5701966 -2.4741678
2661 -1.3481263 -0.15607402
2662 12.486857 -4.1255035
2663 -2.3750057 -2.808992
2664 -1.4341934 2.9954586
2665 -1.7515563 -0.5766632
2666 -1.0519387 -1.7502021
2667 0.7373303 -0.7278569
2668 -1.7599906 -1.0841645
2669 -2.498339 -2.5541344
2670 1.3692755 1.3081046
2671 -2.1297436 -3.0468438
2672 -2.4090433 -2.6799169
2673 12.753734 -5.016939
2674 -2.161872 -1.6951648
2675 -1.9258586 1.792123
2676 0.19885497 0.7446081
2677 -1.1588293 -0.9153968
2678 -2.432618 -2.891723
2679 0.06304645 4.5273566
2680 -0.083170384 -2.655685
2681 -2.623742 -2.7447581
2682 -2.6930642 -2.873524
2683 -2.3109992 -3.0464454
2684 13.503137 -4.6111054
2685 -0.04587315 0.048249453
2686 -1.8602744 -2.6250355
2687 -1.6936873 -2.5513287
2688 -2.4273155 -1.8661041
2689 -2.2094293 -2.1568148
2690 -1.1881217 1.1215752
2691 0.6123309 -1.702126
2692 -1.392411 1.5848161
2693 -2.0540683 -1.4277304
2694 12.414771 -3.9241176
2695 -2.2284684 -1.1311506
2696 -2.3644273 -1.2089071
2697 -1.7570151 -1.7709656
2698 -1.9995224 -1.2005138
2699 -1.6383128 -1.7208298
2700 -2.652183 -2.5128438
2701 -2.5762177 -2.802278
2702 -1.2182375 -1.218415
2703 3.518812 1.589757
2704 -2.277172 -1.0336628
2705 -2.1749551 0.3206518
2706 12.588495 -0.2672603
2707 -1.9511114 0.8814819
2708 -2.4171004 -1.3114434
2709 -1.3997087 -2.3401213
2710 -0.7672042 -1.4997749
2711 -0.09583378 -0.2609293
2712 -2.2082467 -1.8569542
2713 -2.4477096 -1.332665
2714 -2.2589796 0.056743655
2715 -2.359609 -0.8831258
2716 -0.7518663 3.836463
2717 -2.444611 -2.2476056
2718 -0.6739053 -1.8386503
2719 13.440214 0.8611064
2720 -2.7608488 -2.5381477
2721 -2.6612742 -2.8608003
2722 -0.8825322 0.19295476
2723 1.0351042 7.7097096
2724 0.8308859 7.7202644
2725 -1.6628054 0.32755065
2726 -1.9334798 -0.8243089
2727 -1.8771396 -2.453644
2728 -1.0455904 -2.255788
2729 11.687721 -4.4729395
2730 -2.0387526 0.25496808
2731 3.8010364 19.070122
2732 -0.8740563 3.9628503
2733 -0.19833101 5.000375
2734 -1.6686121 -1.4174803
2735 -1.4927323 -0.9863665
2736 -1.7714872 2.1313462
2737 0.92179674 1.2344073
2738 0.016035158 3.6604726
2739 -2.4671965 -1.9546716
2740 -1.4765879 1.8609123
2741 11.932631 -4.22907
2742 -2.698949 -2.7752717
2743 -0.9953598 -0.2717381
2744 -0.60591936 3.5023875
2745 -1.2126532 1.3729615
2746 -0.049811006 5.127729
2747 0.2267889 9.600895
2748 -2.496194 -1.5978551
2749 -0.0055978983 8.775404
2750 2.616702 13.772416
2751 -0.7326044 5.205239
2752 -2.3808265 -1.9656577
2753 12.907541 0.25477323
2754 -2.680775 -1.8911556
2755 -0.4867098 5.7332025
2756 -2.1309638 0.03190547
2757 -2.85404 -2.7966008
2758 -2.1831143 -0.14629903
2759 -2.0295691 0.8700357
2760 0.034827188 1.7770783
2761 -1.5220436 1.2769489
2762 -2.2365723 -0.9578758
2763 12.3755 -2.385247
2764 -2.1611454 -0.4892567
2765 -2.2885623 -0.73578537
2766 -0.9267889 1.0348961
2767 0.028331794 1.8374463
2768 0.5379333 8.937471
2769 -2.0452743 0.6212719
2770 -1.0876657 0.39407197
2771 -0.8564042 4.7898154
2772 -2.181876 -0.51055133
2773 13.086669 -0.8588043
2774 -0.68073285 3.7534935
2775 -2.6647332 -2.8030717
2776 14.616549 6.388176
2777 1.6337 -0.3837771
2778 -2.7648966 -2.839449
2779 -1.8711326 -1.7955246
2780 -2.4202828 -2.7949688
2781 -2.7649777 -2.8910177
2782 -1.3101474 4.251258
2783 -1.7027454 1.679784
2784 -0.4089925 2.3360567
2785 -2.4146004 -2.2556849
2786 1.0485486 5.348734
2787 12.003079 -3.352603
2788 -1.7794678 -1.2388171
2789 -1.9493315 -1.0060544
2790 -1.6654317 0.97062284
2791 -2.3382726 -1.9665655
2792 -1.0256133 -2.3814297
2793 -0.58540344 -1.7628772
2794 -1.9889004 -2.1069162
2795 -1.1077985 -1.9628503
2796 2.492789 11.40642
2797 0.5271998 3.965068
2798 -2.5989487 -2.101328
2799 -2.3730917 -2.549516
2800 12.823866 1.7581296
2801 -1.7382896 -2.2173219
2802 -0.22844432 3.4861903
2803 -2.5869021 -2.746284
2804 -2.3813775 -2.0051568
2805 -2.245079 -1.9559749
2806 -2.2994351 -2.4448318
2807 -0.2751506 3.3603544
2808 -2.0296576 -2.4428117
2809 -1.8547074 -2.6117492
2810 12.531197 -3.414579
2811 -2.482977 -2.01014
2812 -1.3373303 -1.2635509
2813 -1.2937033 -0.8665902
2814 -0.5627265 3.6492558
2815 -2.6786404 -2.5407069
2816 -2.472354 -1.1422162
2817 -1.657832 -1.209828
2818 -2.0069497 -0.81557757
2819 0.36640093 4.045136
2820 12.038888 -3.7027278
2821 -0.90214866 -0.8026597
2822 -2.3418336 -1.7104746
2823 -2.1503177 -1.9053172
2824 -2.2726486 -1.4987292
2825 -2.4721189 -0.33763075
2826 -2.723045 -2.171447
2827 0.025469825 6.832828
2828 -0.8302528 -0.22341758
2829 12.156763 -3.466057
2830 -1.5890995 -1.4772505
2831 -1.2008725 -0.92258096
2832 -2.4985929 -2.1355813
2833 -0.8928477 2.1879323
2834 -0.86241543 0.45267254
2835 -1.8650726 0.7430744
2836 -1.8711469 -0.34176204
2837 -1.3628405 -1.747356
2838 -2.2288406 -2.93303
2839 -1.8359002 1.9314351
2840 -0.931312 -1.8288056
2841 -2.7905896 -2.9474933
2842 12.4615 -1.5500652
2843 -0.23415627 -1.3890911
2844 2.1573873 4.504776
2845 -1.9896986 -2.2885015
2846 -0.9089909 0.4413063
2847 -0.05179231 -1.1470765
2848 0.9213244 6.310262
2849 -1.0804578 0.7641408
2850 -2.5095398 -1.3311541
2851 -0.42786697 6.70631
2852 21.27102 23.358484
2853 -2.2817073 -1.2436752
2854 -2.2879221 -1.4152346
2855 -1.0552837 2.2255461
2856 -1.1544186 -1.2716393
2857 1.3177185 9.401465
2858 -1.0032672 0.4127679
2859 -2.6687436 -2.473375
2860 -2.5009687 -2.4258304
2861 -1.0416381 0.61278826
2862 11.864167 -4.347324
2863 -1.9048492 0.346538
2864 -2.0253537 0.9446089
2865 -1.3246855 5.4991674
2866 -1.7086184 0.93511707
2867 -2.3505235 -0.19817589
2868 1.065155 9.542587
2869 -0.3867903 2.5265367
2870 3.0698247 15.90399
2871 1.3138583 8.475933
2872 -0.41285622 6.573456
2873 13.190803 -0.2501779
2874 -1.9476187 -0.51067233
2875 -1.4331837 -2.5533228
2876 -1.004088 0.7655768
2877 -1.1760763 0.5922789
2878 -1.5400437 0.3622574
2879 -2.7088265 -2.5673437
2880 -1.330385 2.3728943
2881 -0.5816141 3.802928
2882 -1.7743615 0.6283
2883 12.212167 -4.0055866
2884 -0.80734056 3.8987656
2885 15.872897 7.6445985
2886 1.450421 11.803958
2887 -1.0967463 1.1976545
2888 -1.1332504 2.8912818
2889 -1.5303249 1.8339033
2890 -0.9724168 5.2169504
2891 -0.9742223 5.652057
2892 -1.3967218 2.518009
2893 0.7239635 7.3730206
2894 -1.8660644 3.2751608
2895 14.98319 6.168783
2896 -2.3836694 -1.8901219
2897 -1.2634432 -2.0002022
2898 -2.6070664 -2.8661368
2899 -1.8416342 0.094502576
2900 -0.80425906 1.3031099
2901 -1.7618674 -2.5255797
2902 -2.3041794 -1.9951857
2903 12.671084 -2.0883875
2904 -2.4934783 -1.6501337
2905 -0.4214727 5.625106
2906 -2.2529142 -1.2115998
2907 -2.5899143 -1.2753197
2908 -0.8180735 6.1689596
2909 -1.2694815 3.469473
2910 -2.3448906 -1.2807677
2911 0.9898506 8.509903
2912 -1.5091324 3.9305027
2913 0.81125945 1.4774636
2914 13.455104 -2.7502258
2915 -1.9981557 -2.6240642
2916 -0.67923695 -2.4041522
2917 -0.72621214 -0.92003506
2918 1.167924 0.0565718
2919 0.6805637 -0.7230871
2920 -1.5282917 -2.2855196
2921 0.0063952054 4.137258
2922 -1.5937663 -2.6124244
2923 -1.3522568 1.7050279
2924 -2.5219355 -2.5188699
2925 -2.5875998 -2.9207761
2926 12.753133 -3.1917987
2927 -2.32743 -2.0371296
2928 -2.7711546 -2.750823
2929 -1.6582577 -0.16692008
2930 -1.7872787 -0.1634758
2931 -2.5639234 -1.9423689
2932 -2.711431 -2.6684904
2933 -2.1651971 -1.8710971
2934 -1.6943667 0.92049414
2935 -1.4538096 1.1060164
2936 -1.9349092 -1.0679713
2937 12.245151 -4.0796585
2938 -2.196939 -2.713467
2939 -2.5231068 -2.9221563
2940 -2.5504894 -1.5875562
2941 -1.1084647 0.46243975
2942 -1.1567631 2.8479388
2943 -2.5034523 -1.0849228
2944 -1.2981629 -1.2669413
2945 -1.2386801 2.072085
2946 -1.5162886 -0.6927728
2947 -1.9959825 -2.2807097
2948 14.679899 2.921571
2949 -2.3928165 -0.7049569
2950 0.99180007 1.1630656
2951 0.285618 -1.472821
2952 -1.3492689 -2.2525816
2953 -2.5310996 -2.8595142
2954 -1.397984 -1.9151841
2955 -1.0942945 -1.8745791
2956 -2.0309145 -1.4768325
2957 -2.406876 -1.940288
2958 -2.4200246 -1.3472195
2959 -2.143823 -2.3026025
2960 -1.7073197 0.94435877
2961 12.371168 -2.697762
2962 -1.8829249 -1.7962464
2963 -2.4227862 -1.4831324
2964 -1.2869859 0.34795186
2965 -1.275361 1.1345282
2966 -1.6288155 1.964298
2967 -2.5398552 -1.8112366
2968 -2.0144274 1.8831118
2969 0.10784593 2.4410994
2970 -1.907718 0.9246027
2971 2.2940729 9.520736
2972 12.081477 -4.3521256
2973 -2.5724218 -0.32852417
2974 -1.5812378 0.144293
2975 -1.6413839 -1.07682
2976 -2.8121798 -1.888578
2977 -1.7019987 -1.6901406
2978 -2.18417 -2.7472131
2979 -0.34825474 1.5794312
2980 -2.2211142 -0.30327222
2981 -0.24620718 7.4042463
2982 14.51616 -1.281909
2983 2.2251682 12.216637
2984 -1.8727738 -0.12644322
2985 -1.5601233 2.3347929
2986 -2.5268366 -1.5561818
2987 -0.9896438 3.1362815
2988 -1.7402743 -2.4903708
2989 -2.2468483 -2.5157983
2990 -1.627918 -1.0467201
2991 0.54238045 2.3155904
2992 -2.2117698 -2.1739264
2993 -0.3593661 7.8564153
2994 14.133358 1.5085949
2995 0.9584553 -0.8409447
2996 13.806315 -2.9055169
2997 -2.3158963 -2.03104
2998 -1.859897 -0.40321383
2999 0.90344864 2.8449018
3000 -2.0973227 -0.30566856
3001 -1.306941 1.8810124
3002 -1.7275513 -1.654084
3003 -0.17281574 2.125207
3004 -0.080774754 1.1738183
3005 -1.4496576 -0.5326982
3006 12.86704 -2.3532763
3007 -1.0126773 -1.6163068
3008 -2.625371 -2.822201
3009 -1.7733717 -2.1511579
3010 -1.9739122 -1.9387766
3011 -2.408779 -0.42679527
3012 0.70362747 7.9477882
3013 -1.6667522 1.1752414
3014 -1.4551184 3.324239
3015 -2.2228868 0.6803781
3016 -2.4723015 -0.6593522
3017 14.616328 0.59205127
3018 -2.342368 -2.4314795
3019 -1.981366 -2.634959
3020 -0.30948254 -1.2311678
3021 -2.5645182 -2.5466657
3022 -1.374869 -2.2159805
3023 -2.3047764 -2.2854788
3024 -1.3119735 -0.069696985
3025 -1.634938 0.5003472
3026 -0.8333884 5.155816
3027 -2.6183906 -2.898664
3028 -1.9066541 -1.6085359
3029 13.739888 -0.0351139
3030 -0.12142284 4.269018
3031 -1.5586922 3.0458727
3032 -2.0463939 2.1111
3033 -1.9260193 1.5366768
3034 -0.37717855 6.8771734
3035 -2.6833887 -2.399897
3036 -2.8574805 -2.7509484
3037 -1.2385273 -0.21473575
3038 -2.0791445 -1.3836883
3039 -1.6005588 -0.3287771
3040 -2.4010022 -2.593749
3041 12.410232 -4.117914
3042 -0.5649047 6.8932247
3043 -2.0141473 -0.18307619
3044 -2.2223504 -0.6169125
3045 -2.2899804 0.0866769
3046 -1.6103699 0.09853476
3047 -2.6402783 -2.7219288
3048 0.6813666 7.530352
3049 0.60442 7.7579727
3050 -1.7886716 0.7345708
3051 -2.774252 -2.7769172
3052 14.790696 -1.4170485
3053 -2.669882 -2.200123
3054 -0.26930502 0.68415153
3055 0.38192734 3.1350226
3056 -0.9376382 5.4899464
3057 -1.0876242 2.3961046
3058 -1.0580744 -1.1253824
3059 -1.8665744 -1.5720781
3060 -2.0951037 -1.5151538
3061 -0.94736636 0.98344684
3062 -1.8834939 0.63078713
3063 -1.2327075 -2.391089
3064 -2.1578696 -2.5693073
3065 13.52462 -2.7963486
3066 -1.0196687 1.0146158
3067 -2.4539673 -2.8245287
3068 -1.955923 -0.27960098
3069 -0.99289495 4.337257
3070 -2.2284174 -1.1930158
3071 -1.2696898 0.29483777
3072 -1.8525308 1.1168548
3073 -2.1752877 -0.9764536
3074 12.691989 -3.8971496
3075 -2.5053399 -1.3194932
3076 -1.2062207 1.0482302
3077 -2.1289845 0.87860644
3078 0.2129644 7.6215234
3079 0.88867164 -1.83118
3080 0.07945182 -1.6025625
3081 -1.6141814 0.7269192
3082 -1.0471344 3.5264025
3083 -1.5441848 -2.0841198
3084 -2.1947243 -2.888134
3085 12.520565 -4.0770082
3086 -1.913704 -1.0040263
3087 0.5117022 -1.5564733
3088 0.86014724 0.57760745
3089 -0.98993397 -1.3161442
3090 -0.5238572 -0.12927946
3091 -1.4756013 -1.9805069
3092 -2.4172635 -2.3363612
3093 1.8212487 10.564163
3094 -0.29109654 5.126397
3095 0.5003506 5.547201
3096 12.785381 -3.4319284
3097 -1.6007499 -0.746469
3098 -1.7514576 -1.9490609
3099 -2.3388326 -2.8202493
3100 -2.0989344 1.9038562
3101 -2.1061897 0.88835704
3102 -2.5100024 -0.5630675
3103 -2.5893905 -2.0527015
3104 -0.30822328 0.055205267
3105 -0.6368439 2.3033562
3106 -2.399825 -2.3725214
3107 -1.6267887 0.83836377
3108 12.502101 -3.5883758
3109 -2.4942627 -2.2645109
3110 -1.0894521 0.8104515
3111 12.049296 -3.999709
3112 -0.1740275 -1.8722291
3113 -0.82570577 4.7153897
3114 -0.09857311 9.097016
3115 -2.576308 -1.4929692
3116 -2.4913847 -1.7089217
3117 -2.1238248 -2.8407583
3118 -1.5771676 -2.085036
3119 -2.6767404 -2.5509014
3120 -1.3782556 1.2322377
3121 -1.614839 1.1990669
3122 13.563253 1.3060713
3123 -2.7209878 -2.7225533
3124 -1.9746783 -1.7236263
3125 -0.04755426 5.9913588
3126 -2.2951365 -2.0783646
3127 -1.3801584 -0.49268162
3128 -2.4137018 -2.5785868
3129 -0.5441985 1.2408863
3130 -1.0235757 0.5586865
3131 -1.4263657 -1.98408
3132 -1.3686603 2.9170885
3133 12.936811 -2.761786
3134 -1.7651675 2.4191613
3135 -1.218002 4.147005
3136 -1.7520518 2.133505
3137 0.35275978 9.679088
3138 -2.3557231 -0.8031175
3139 -2.4720604 -1.95155
3140 -0.619578 6.2372217
3141 -0.610372 3.453387
3142 0.046601377 1.1832502
3143 -1.2351869 0.25471258
3144 12.680486 -3.5360847
3145 -1.9292479 0.0676518
3146 -2.5704594 -2.141556
3147 -2.5805895 -2.376024
3148 -2.6249511 -2.291222
3149 -2.6598563 -2.5180032
3150 -2.2173018 -0.58790463
3151 -1.7676706 2.3522184
3152 -0.74895024 1.2860018
3153 -0.51201427 2.5005753
3154 1.741339 9.112495
3155 13.945762 4.176432
3156 0.544474 6.1625457
3157 -2.744435 -2.6355598
3158 -2.1491063 -0.24619664
3159 -1.4648606 -0.7147754
3160 -1.6545144 -0.72531414
3161 -2.6606455 -1.0437753
3162 -2.6417103 -2.7929323
3163 0.061262593 3.0288377
3164 -2.6479506 -2.8028913
3165 -2.1242504 -1.7494323
3166 -0.7188375 1.1383138
3167 13.082879 -3.171913
3168 -2.3037698 -2.6807687
3169 1.0267121 -1.6935706
3170 -2.490183 -2.753318
3171 -1.6408733 -0.55492544
3172 -1.3642548 1.6464417
3173 -2.8137462 -2.6080837
3174 -0.60090977 1.9280248
3175 -1.7075322 -0.6870044
3176 -2.3195636 -0.5630904
3177 14.436965 5.1295733
3178 -1.8701206 -2.340065
3179 -1.3384855 0.025906434
3180 -0.051488414 2.6555536
3181 -1.3230597 2.7974796
3182 -2.0283704 0.6661773
3183 -2.0141065 -0.50834185
3184 -1.55464 -0.8522953
3185 -0.56897515 -1.5407512
3186 0.38018677 0.1098258
3187 -1.0515269 0.26080418
3188 -1.1678638 -0.06618456
3189 16.077234 12.560989
3190 1.5612174 11.760184
3191 -2.1141613 -0.26044977
3192 -2.5460994 -2.6981156
3193 -2.4236143 -2.6029654
3194 -0.92791194 -2.180701
3195 -2.5680306 -2.5556037
3196 0.8497929 8.693135
3197 -1.2843453 -0.5778508
3198 -0.56394273 0.7204112
3199 -2.4922109 -1.7596916
3200 -1.987922 0.8335077
3201 15.765373 11.158006
3202 -0.2712918 -1.9038883
3203 -1.6165465 -1.6928163
3204 -2.20921 -1.8082074
3205 -0.68797696 1.6397172
3206 -0.32195598 -1.5637063
3207 -1.8179141 -2.0225077
3208 -1.5660633 -0.4202078
3209 -0.9923158 1.9623357
3210 -2.5018198 -2.5763001
3211 12.41028 -4.070758
3212 -2.2358847 -0.7446255
3213 -1.9333574 0.24742173
3214 -2.3712113 -2.6992984
3215 -2.501085 -1.284342
3216 -0.860004 5.334711
3217 1.746478 12.292429
3218 -2.1834068 -0.50813556
3219 -2.616213 -2.5574508
3220 3.1645825 19.013348
3221 -1.6558266 -1.6803976
3222 -1.2562169 6.807463
3223 0.24505317 9.663428
3224 13.037773 -1.7676536
3225 -0.9718704 -0.77385515
3226 1.0976453 7.3139887
3227 12.874275 -3.2731462
3228 3.3993537 15.460973
3229 -2.0974102 -0.36081246
3230 -2.037553 -0.6403275
3231 -1.1112473 2.8295877
3232 -2.3898475 -1.5600208
3233 -0.7502768 4.4514785
3234 -2.2871785 -1.5213081
3235 -1.3264842 3.6192822
3236 -1.5809724 0.24338323
3237 -1.5510883 0.10402624
3238 -1.3032612 5.0227137
3239 12.378133 -3.9792728
3240 -1.5526912 2.2132242
3241 0.24156971 3.702505
3242 -2.1342864 -1.2482381
3243 -0.11469328 3.6988816
3244 -0.13902384 10.512253
3245 -2.25082 -1.3667251
3246 -1.7794029 0.09256349
3247 -2.2347958 -0.046648588
3248 -0.08347927 8.958212
3249 -2.1975834 -0.32361138
3250 13.223498 -0.8253038
3251 -1.1420839 3.34302
3252 -0.633996 2.5886655
3253 -2.1941962 -0.816337
3254 -2.4804864 -1.4267621
3255 -2.655064 -2.49099
3256 -1.9419777 0.41592366
3257 -1.7594699 1.3495264
3258 -1.5597289 2.9980764
3259 -2.279314 -1.8719087
3260 -2.1617067 -0.66996866
3261 13.060614 -1.5155897
3262 -1.2952245 1.516707
3263 -2.137845 -0.95976853
3264 -1.9978937 -0.16934232
3265 -1.0484973 2.8646402
3266 -2.262258 -1.1033247
3267 -2.5680454 -1.5602553
3268 1.2312709 7.825786
3269 12.561295 -3.9940157
3270 -2.3722484 -1.7364873
3271 -1.242477 0.7746432
3272 -1.8968542 -0.57996666
3273 -0.45403004 2.3397079
3274 -2.5035913 -2.6686194
3275 -0.12257451 -1.3891367
3276 -1.6271567 -0.346272
3277 -2.3119464 -2.3099086
3278 -2.2818282 -2.5762174
3279 13.3090925 -2.9341655
3280 -2.1085868 -2.031206
3281 -2.0229442 -2.6532516
3282 -0.9382363 3.2364933
3283 -1.1137102 4.071089
3284 -2.092049 -0.5844824
3285 -1.0361757 1.2993178
3286 -1.2472953 0.22911951
3287 -1.9525684 -1.016946
3288 12.764709 -3.3470135
3289 -0.7737549 2.1963058
3290 -1.6977077 -1.653275
3291 -2.1449413 -2.640894
3292 -2.5862317 -2.7946305
3293 -1.9889224 -2.6943038
3294 -2.5489223 -1.8344316
3295 -1.9439112 -2.3393338
3296 -2.2339044 -2.8380487
3297 13.019301 -3.2202451
3298 -2.05266 -0.14105368
3299 -1.7709409 -1.2552515
3300 -1.2408121 2.338962
3301 0.9660587 -0.6236333
3302 -2.183421 -2.1228578
3303 -2.3605838 0.35923108
3304 -1.9226155 -1.1492888
3305 -2.5264902 -2.1637454
3306 13.775742 2.1935077
3307 -2.3075914 -1.8573363
3308 -2.2468975 -1.8118839
3309 -2.343151 -2.424295
3310 -0.9617652 4.3099627
3311 -2.1509361 -1.7766324
3312 -2.5109818 -2.7130456
3313 -2.5880349 -2.3590229
3314 -1.8905077 0.63354665
3315 -2.3122323 -0.8625102
3316 13.50258 -1.8640615
3317 -2.1132338 -1.4815187
3318 -2.2658024 -0.49042305
3319 -2.2971492 -1.0772471
3320 -2.3058667 -2.657746
3321 0.10168925 5.1915746
3322 -1.5574839 -1.6833109
3323 -0.7139099 0.69460523
3324 -2.7817214 -2.637006
3325 -2.490329 -1.8574902
3326 -2.2680006 -1.1383075
3327 13.566564 -2.32804
3328 -1.4823923 2.9292867
3329 -2.5635796 -2.092
3330 15.102203 1.3713064
3331 0.9168963 6.639831
3332 -2.1496074 -2.2127986
3333 -2.397148 -0.9511605
3334 -1.7770958 4.6461954
3335 -2.6938283 -1.9717715
3336 -1.1076834 0.8003705
3337 -1.5596552 0.7334994
3338 -2.0489185 0.7978708
3339 -0.06800222 4.06703
3340 -2.027683 -1.1500812
3341 -1.699525 2.6111205
3342 14.412401 -1.3458116
3343 -1.7973901 -2.0821335
3344 0.51464015 6.34166
3345 -2.2744868 -0.2840947
3346 -1.6808594 -1.4096066
3347 -1.9225202 -0.8942326
3348 -2.0088377 0.27004573
3349 -2.210118 -0.33064023
3350 -1.3560289 0.77132094
3351 -2.5088408 -2.7293875
3352 -2.3267434 -0.7567113
3353 14.870589 -0.55657274
3354 -2.1924756 -0.611817
3355 -2.6371849 -2.3833425
3356 -1.4787037 2.7567754
3357 -0.7654563 4.1903534
3358 -2.7211199 -2.4376862
3359 -2.4436269 -0.9819124
3360 -1.8321522 0.9935925
3361 0.45390576 8.086216
3362 -2.6866949 -1.8666253
3363 -2.4634666 -2.7265317
3364 -1.348263 4.1814303
3365 15.313056 4.7570686
3366 -1.2328345 -0.24738666
3367 -1.7266033 1.9180166
3368 -1.9441105 0.99549645
3369 -2.3192387 -2.040409
3370 -1.6411523 -0.3532553
3371 -0.6314381 4.308343
3372 1.7381269 6.6529274
3373 -0.7600373 1.575104
3374 -2.4051116 -1.0092312
3375 -2.4316225 -0.5160003
3376 -2.0771317 -1.7077758
3377 12.774816 -3.2046275
3378 -1.812413 0.3084178
3379 -1.8987813 1.0319815
3380 -2.3188477 0.35634992
3381 -1.425874 2.0485187
3382 -1.7547961 -2.9434183
3383 -0.5126044 1.8336701
3384 -1.2402573 -0.5825421
3385 -2.4784334 -2.5995364
3386 -1.902853 -1.6895597
3387 -2.1806774 -1.4276203
3388 15.039877 7.9994617
3389 -2.7938154 -2.86585
3390 -1.7549764 -0.78368473
3391 -0.8053743 -0.46426544
3392 -1.9103539 -0.69878006
3393 -1.1628095 -1.3422127
3394 -0.55352324 5.2512155
3395 -1.8555008 0.18330784
3396 -0.92227167 0.5759488
3397 -1.2397931 1.7844843
3398 -1.0179067 2.7886844
3399 15.063406 2.110769
3400 -0.4971694 5.9060607
3401 -2.6940894 -2.5471973
3402 2.1051278 10.200099
3403 -1.811414 -2.7178195
3404 0.97772473 10.377506
3405 -1.9355798 0.4290661
3406 -0.31584188 5.1337814
3407 -1.1381187 3.4211183
3408 -1.4068966 -0.1024143
3409 -2.1379168 -2.080842
3410 -1.5663595 2.6147344
3411 17.197493 3.1397972
3412 -2.124389 -1.3986307
3413 -0.92379403 -0.94923425
3414 -1.298002 1.8213296
3415 -1.0824373 1.566269
3416 -1.6345818 -1.0421576
3417 -1.4308325 2.8958523
3418 0.3467506 7.4402347
3419 -2.1681259 -2.4030962
3420 -2.1233387 -1.3209941
3421 -2.023027 -1.4142575
3422 13.378078 1.1708785
3423 -0.5479376 4.258907
3424 -2.3524396 -1.9651442
3425 -1.9394141 0.60437584
3426 0.18970995 3.5711844
3427 -2.1557486 -0.9584087
3428 -1.8300475 0.16448185
3429 -1.9639641 -0.22129627
3430 -1.758337 2.3229098
